Item	Person_1	Person_2	Person_3	Person_4	Person_5	Person_6	Person_7	Person_8	Person_9	Person_10	Person_11	Person_12	Person_13	Person_14	Person_15	Person_16	Person_17	Person_18	Person_19	Person_20	Person_21	Person_22	Person_23	Person_24	Person_25	Person_26	Person_27	Person_28	Person_29	Person_30	Person_31	Person_32
I enjoy new challenges	0.6862523029666002	0.3233315213403408	1.165147779563962	1.687969948272857	0.9779309584423675	1.8141988958885142	0.6008813104944396	0.7896148803523085	0.6986513649138631	1.0732871543317555	1.0344870228823098	0.5154461162808384	1.7117177292906454	0.8191614634757952	0.6600982362384968	1.7075178360176557	0.6164114962817023	0.7999346450150645		1.6052092007771663	1.736482137024829	0.749204138369237	0.15584841933931615	0.7396633571005565	1.215196429085338	0.7585549419521426	1.7324432986285676	1.2243068612903873	1.6500042429987989		0.6950594305799819	1.1139268552131907
I come up with good ideas	1.314459512258811	1.2190897897325932	1.3253037737437106	1.6369357427106146	1.3207146589603502	1.7753497646365974	0.8045568787421413	0.8980339097529444	0.7870691623582904	1.1612538995305217	1.8550753497893662	0.9731139736133827	1.733359168386683	1.7173058559262337	1.3005927613897794	1.2077677241328566	0.5685065501142711			0.7047470269044883	1.8916533764197823	1.3757107337152032	1.0583355713500522	0.056009529177721507	1.3935383127225622	1.2694487870849884	1.738320603304763	1.2941144504429134	1.7737447328174856		1.1410833541647307	1.1779716857654374
I pursue perfection	1.0755247863964135	1.1613551175120627	0.8641296612623665	1.7523369200165928	0.8382157726155607	1.680874350078509	0.718804026670873	1.1053751930114473	0.6049579314594454	1.7965506430260985	1.234562353274903	1.298435995713774	-0.3931000065937056	1.7915925411892792	1.6953210256805296	1.2480600488438847	0.7750431520818474	1.793798271881771		1.289376603522085	1.7602289149074948	1.122940175403493	1.6405429738124333	1.233730759296931	1.2875629596465044	0.7171988505159671	1.150476285057231	0.5572801705411498	1.7134599914819901		0.3357037689331278	1.6238425911640948
I work well when things aren’t clearly defined	1.0789953976218227	0.05332689465631857	1.0796625070099266	1.0865548147916357	0.6549760838058265	0.46711907672164465	0.2518037257037369	1.58049685294412	0.060181832107374045	0.9120017730326688	0.5377234115392355	1.0539428156080504	1.5004874787758125	0.709722574816745	0.11573150934766607	0.5318601059937497	1.1964178371220147	0.15288267826995328	0.5826541798584015		1.5747994267834655	0.6499206207153807	0.7301193940397215	1.0026304961746226	0.3180808853858108	0.12187090086250818	1.527774679023281	0.7231888048955462	1.7607214016260135		1.0675264510125042	0.6084212821083976
I make decisions that involve risk	-0.5900650026204889	0.008192683891842467	1.4304817125461957	1.6124035503871168	0.6439195602683803	-0.1989738428203467	-0.01877506062951817	1.4761167536401212	1.396062199042371	-0.565355020392942	-0.5643940038531082	0.966528773439983	0.932102023607253	-0.542291301249629	-0.309236961649686	0.41619779741917406	0.013378536195858826	1.4643253439930661		1.0281815891552166	-0.6706390303069752	-0.0065104710351093775	-0.1450797057060461	0.857020859134275	0.735563869441165	1.009556872912038	-0.5110400353489247	0.9075199260551072	-0.5513944036163273		-0.640770634169386	1.5693051240299791
I am adventurous	1.20157415461588	0.7197462561049872	1.5992163612502879	1.8561556801119055	1.0525062644986825	0.7028919214094866	0.7455670524523077	1.2593526024978088	1.0992461199741659	1.6329457583437816	1.7303582434551308	0.6578688086107916	1.7261085278784345	1.270565270526095	1.7486835288128912	0.318583077203358	0.7006783023110144	1.6326632438485242		0.5930172959464469	1.1123390836746878		0.5291820025346526	0.1510385713712894	1.2472135761852652	1.154603102308604	1.215139299487665	1.229220233450406			1.269971416381878	1.666430723319094
I am comfortable making decisions in uncertain environments	1.1583473946999294	0.13260783365513729	1.5396243372248244	1.0022735833692167	1.01166910331248	1.0298999911784843	1.0779096669328023	0.9760713090518538	1.0136646500653486	0.5086342885412551	-0.03673392423496047	0.01076538892083223	0.37656566283770887	0.497712752688257	0.47848511000414873	0.837472519991336	0.5586096138805174	1.7336151134961257	1.155641060480994	0.20711263651216616	1.203427207633084	-0.3791896664016672	0.452277760257073	0.605604987604333	1.0637169442722116	-0.00013939286887215685	1.4814711163529006	0.5225939977878487			0.5732662814832465	0.40744353191149385
I am driven by my passion to innovate	1.8922958979035136	0.9280136473126329	1.8793561448338179	1.6367955377597885	1.2447091739796456	1.8652603139041855	0.7799194526739345	1.1394284152384286	1.289429898080007	1.230603844104765	1.7877877710491759	0.6040726870235605	1.6729950315656552	1.7837894904301477	1.1394430673418645	1.1577143351602253	0.8666957672316261	1.8635966613278363	1.2114972139769122	0.5888201688831233	1.8406583187573515	1.6155986981406416	0.6935421838783916	0.7178394051714027	1.8465330775149287	1.2302729536393096	1.730246045059483	0.7228476809668714			1.405888411132398	1.7684181245264443
I complete tasks I am not passionate about	1.0151703186436325	1.0338757282013333	0.778435898744734	1.4861138424601283	1.0040854989290549	0.00802859676846146	0.5789103870165675	0.977702128965739	-0.23995029978854882	0.4892171324223631	0.002602689085543841	1.0803515943391626	1.0481106275267456	0.49751617195638165	0.652933823940566	0.5346251315677757	0.49457557814755426	-0.45292790486538814		0.05711544971201854	-0.10624993357578355	-0.34025780978413045	1.0471164969644449	1.0198912144277883	0.542798014373371	0.3800575401144354	1.128622160181346	0.03433886009406084	-0.5701583428291774		0.5109452551316283	0.9183109796928794
I communicate my ideas	1.7673735816061673	1.5689368903664318	1.6789051139097124	1.7083972985778615	1.2284398572522095	1.1494412486768053	1.4037697842494419	1.4384624247791216	1.6587984364056294	1.0999754187219066	1.7876774479797426	0.20065276563505358	1.8101012792336122	1.8212799603702248	1.4187467956365518	0.258216454944303	1.2722684453714734	1.6385066996858426	1.7704584211774068	0.7468431049059712	0.6917347947863646	1.2419626285819456	0.8167609178295365	0.8403907085338793	1.3277841509035286	1.155559106021454	1.7802858461158548	1.3056770092261523			1.51294497852083	1.6277961402780128
I follow my intuition	1.8450443021219889	1.4255357494231622	1.7968859549352323	1.7771523615093412	1.4168221789908677	1.9016662277541685	1.390332844142712	1.6907515579314278	1.1654020766649085	1.8239148732817303	1.8796264702421652	0.12170354371379866	1.910439261312927	1.862595217223458	1.7274884312817784	1.3457613693261856	1.4130341162490963	1.8515682751439888	1.3737570572892692	0.6395349870876185	1.7824005968476206	1.3603131072599774	0.9457465292025805	0.11046886034491088	1.7942912507350282	1.2465708853569302	1.7722022748939348	0.6473335347194176			1.2928697958040023	1.7667639450597479
I procrastinate	-0.5754127552940512	0.38711016218056327	0.8893573081179293	1.35178308264042	-0.1331939391048672	-0.3795801296573894	-0.08412735148831141	0.41030821351028157	-0.23882062161836454	0.9897481290361441	-0.14841250007009044	0.23373805922021607	-0.19556531257803378	1.3191993794860941	0.2422939159091888	-0.6384747855462615	0.31687864274743605	0.8652038855763262		0.03493559348406894	-0.3407104102917776	-0.19282363898563099	0.34283304101184475	0.9635877921189686	0.8028817983093897	-0.12786985629521475	0.011666149545027205	-0.6301666874928904	-0.7126131019398273		-0.641176528746331	-0.15347316307490771
There is always more to learn	1.9752551771327498	1.8535503475608512	1.9577699804967985	1.9134849142131325	1.3667938152782433	1.8409896616345438	1.3372303584758847	1.9826095281207439	1.446796094840607	1.991232966202131	1.7986882406713947	0.37015062633213597	1.7766521551647427	1.9039915108394843	1.851115968836823	1.9337862694696992	2.0631573167372634	1.7986045607345622		1.4322113854073675	2.1323513018971108	1.0070034487084778	1.7850339848410222	1.347656335495793	1.7951181851865545	2.018524195397707	1.7564188065402544	1.8519116061105327	1.8569238086266813		1.9056776073745894	1.5034303707968983
I struggle making decisions	-0.7700769290016363	1.2274341203337056	-0.05753533239188369	-0.7334110083203067	-0.07474663409501225	-0.7228928764814533	-0.22373598400456807	-0.16830805353661377	-0.19300566177322842	1.0123002582830045	-0.10280099163150913	1.348250792092642	-0.6274454695648559	0.30040190193275407	-0.167376088520156	1.2411159305463062	0.19668566260313158	-0.223409984920045		0.24445965951037985	-0.701386468733669	-0.21812528255338753	0.9814103187471399	0.6589816053657331	0.9410336687346841	0.3085149288686908	-0.5997412872592133	-0.22248563112491132	-0.580956965075645		-0.780019139305846	0.08752708004027543
I need to learn more to move forward	-0.17954161799363194	0.40687712950174126	0.04314825449244619	1.1652127497986295	0.43644756374299165	0.45205129903460795	0.13077651824066705	0.28712233721862823	1.0091211085908751	-0.6905544784468922	-0.14141173582956812	1.1188313551988034	0.15302894840524028	0.35364084749165947	0.4295597937488589	0.20645483598894	-0.2426354838948705	-0.7363147999826976	-0.008574445073188608	-0.11965610327203641	0.2512835493534532	0.4474974684930544	0.557726233829478	-0.5282919630080688	0.866054585302521	-0.12913886236790856	-0.1393299190491819	-0.8082264115796097	-0.05123712940318781		0.9182507693028559	0.0832432799891466
I am discouraged by failure	-0.5653002784053237	0.37431203782339173	1.4889449948089966	1.2320634463029394	-0.040798996255473896	0.8510301968573062	0.9441754559652207	-0.5418831091544432	0.4608393939779638	0.48888890867613743	-0.11062598263513529	0.5259997788925561	-0.6843278416149521	1.0542594878397942	0.3902467268973556	-0.2131943705965662	0.46497736544508195	1.5638019061422477	-0.18726564991816091	0.4404009898141388	-0.49399780325036324	0.864129075226928	0.9975911154073913	0.35823103584829386	0.46758143843677025	0.40155990065276004	-0.6568938520682828	0.011524313401375164	-0.5486285232245035		-0.6112414414970827	1.058397377485994
I give up when something is challenging	-0.6651990831204488	-0.22933812286662558	0.24429058761693023	-0.826350126478586	0.2866209000820782	-0.18358378931273023	0.1708371421120144	-0.8732273301427467	0.20521931159342477	-0.3261842660202556	0.1306643575469899	-0.2994492961860953	-0.6796597229581886	0.15394367497495942	-0.21577492880191396	-0.7242611642026631	0.25656985609613725	-0.21796906509981917	-0.7462257634289824	-0.22363384529550911	-0.7132072758940398	-0.8338884868198182	0.3791090424469815	0.24592604249647165	0.7844116552693677	-0.356333470803956	-0.6890805724203163	-0.9857557287183414	-0.736682065241959		-0.8579142376584525	-0.8332430562221946
I am determined to reach my goals	1.2704151784826605	1.3995165126535172	1.8951947577873374	1.9618882792518515	1.7889583727462108	1.832720276217938	1.37241165668012	1.7435993157944312	1.4526181822196085	1.8414149193766693	1.739520757755503	0.44221261396311273	1.8187608067217607	1.7408712568871696	1.2855210863830142	2.010784704205018	1.3019453193672628	1.8098050385115831		1.3163643877525542	1.8019725227885681	0.8053589560261426	0.7943156171934446	1.3069822832806333	1.4451799203484574	1.8691136314570764	1.964084898054487	1.672178205423434	1.6544208826985969		1.8715925570054885	1.8237473360276462
I focus deeply on one goal at a time	1.0037465301764903	0.6559906792114075	0.8939748263279236	1.7180006465736248	1.0419556818048465	1.6506087237440719	0.48746899361645335	1.0038515350807904	0.9299957409508893	-0.05147580603463403	0.6344488928279258	0.4157241295686309	-0.26212099953116375	1.6559217615392976	0.5034210254868662	0.024816901767765798	0.9364292600552241	0.42080540296256097	1.5385035814851373	0.7676245735338184	0.6012998612200294	0.5940542999088484	0.5892907105098409	0.7229803614168014	0.4883333900971928	-0.5927486564242449	-0.033139397647754754	-0.44025652033161666	1.7065742869000369		1.2191169793155598	0.5392556924204958
I seek informed input from others	1.155296993329146	0.9154859958305778	1.220201051410779	1.2063585796955372	1.352626611677875	1.6606599709248004	1.768108429265793	1.3757816866157575	1.2852149176792582	1.1964670757922864	1.7428057830642283	1.429058537448257	0.8466194116834874	1.8697315277783928	1.357227291848306	0.6245197674221585	1.1952777572607074	1.7379995238096924	1.650380090247229	1.2616566710802344	1.3005730624896148	1.2186436908592988	1.2580658544410879	1.2484342116928464	1.117041386621342	0.681639179900658	1.6414383296812267	0.5624344500305644	1.7389538847337365		1.348034257112607	1.6811708047054115
I get annoyed if I don't come up with an idea	-0.11236442566470217	0.9592797760317644	0.7096588965269621	0.37466035186579383	-0.020964053746675537	0.5018955162407133	0.36655284487580986	-0.1361999440899041	-0.17733634830082745	0.5256989925810893	-0.7989956550183979	-0.07298842145694207	-0.6514917819502949	0.852574490243835	0.5059618340824672	1.068846320776711	0.40311423128212853	0.3795193096308429		0.47467079785570365	-0.6597421650605391	-0.1770988970910498	-0.6028193628583799	0.3278052561759903	0.18637044179361384	-0.06761818823987653	0.415578542571033	-0.12670801806984555	0.28259554682074495		-0.504469418625812	0.6896637034561388
I follow traditions	1.503189386199987	0.5264192334023564	1.6218627698872343	0.9499564073623725	0.5887342301254883	0.9279032201174207	0.596067874692922	0.9996884977185392	0.9803034737585483	0.6365292676935586	0.5335902166766009	0.9859038784259251	0.07221212962855172	0.5934722102454506	0.5449331491835957	-0.4524242913099632	0.5148747809502356	0.9233317405277439	1.104177503800078	0.7308004605720781	0.657250778226272	1.4840304604730525	0.5891810892226299	1.0847757989484461	1.673758746840617	0.6423835978318635	0.42276611134262654	0.6195544668668667	-0.0503878782559567		-0.1820920081830022	1.1145291974262168
I go beyond my comfort zone	1.8910303247376559	0.6440838067814154	1.2158717662904568	1.7299736000870278	1.1870681677838846	1.6422269837113597	0.9583272913541239	1.2437869722245514	1.7647455662823093	1.2544463674815627	1.6748128255184775	0.27311173666662836	1.6795459556712609	1.0778001899899419	0.8488914287380371	1.5531597646881674	1.3322304938686793	1.9021823353843212	1.172127188748995	1.2965606737418423	1.2319088571859225	1.2449608966654273	0.6989400292369431	0.20520690106035538	1.7207082739704245	1.316256578638211	1.7176174308829233	1.353439880471068	1.777343308190974		1.2424990840255377	1.6556184898769757
I view obstacles as blockers	0.8477921362756939	0.4154199907966234	-0.12037715041118657	-0.20571609906082045	0.21878221640683626	1.1092661712598888	0.4139089638767286	-0.20952024442943773	0.8211945435939279	-0.7744189301644397	-0.6216400009220155	-0.07814186882083429	-0.6648914328304004	0.8870320684607549	0.7870967717233199	0.8747908187287303	-0.1799381191080912	1.2987240518119105	0.29156344813626156	-0.28461203259365214	-0.014400134450768154	-0.754859075652047	-0.04152673752642211	0.5100499198437918	0.9225034568706594	-0.714035481197389	-0.5518700569420656	0.17929745307957723	-0.8002143803286619		-0.22628902219183522	-0.6731860220821579
I  work through difficult situations rather than avoid them	1.3137305298225261	0.905106143631534	1.6802832578989872	1.701691367164502	1.4832868017565253	1.6684519576372512	1.0859670819093497	1.2620290792352944	1.6881039849237895	1.7509068213233265	2.017460345924871	0.7986460569417084	1.6634662223910117	1.9558225265414229	1.930906418358938	1.7838995186829538	1.329369855530675	1.7538696898894433	1.8031254768552114	1.0035009386578704	1.713040216517335	0.40024033301258344	1.3956568953144557	0.3608166458027575	1.0913465809957845	1.3125287761980615	1.671403203844318	1.974813374455303	1.7785883325508376		1.3853287976110056	1.739131989815451
I act with intention, even when the outcome is unclear	1.8727898171763429	1.3273108775036355	1.176100940582525	1.6886119044383636	1.2571605162173265	1.3475495032466427	1.2165647477248556	1.8272751975006292	1.3372010668960101	1.7921093753436717	1.7967458869703226	0.3070763709301516	1.9460770626803858	1.8765824291026834	1.932457653285016	1.7478509946280678	1.859462618738492	1.937668100268054		1.2034680923488883	1.4217580574541417	0.7645252246517209	0.7835605120532607	0.2821342391190044	0.7722435146869825	1.752536638959573	1.7298226670620849	1.9766956479341318	1.8451546768534717		1.7873908023483591	1.9321849943541032
I ask questions	1.8782503979960912	1.1565681404629502	1.8632100637012186	1.868978295130256	0.6509848817832583	1.920906727177453	1.290475141007502	1.8855396315650776	1.940322475876505	1.3353984148770892	2.040910934107501	1.3443351787758901	1.7269398401386167	2.0130075548033406	1.3733731273239873	0.6917175103037231	2.0137225545135196	1.8496902545473755	1.343105954192675	1.3507769804723906	1.9974482791183767	1.4658096459477306	1.275091077179626	1.0583824833920108	1.905526662771405	1.8147254583455594	1.9440543608294312	1.79905453720176	1.8196751922746421		1.256438840718554	1.7828845372850393
I see unexpected changes as a chance to improve, not a setback	1.684479389110304	1.2936655839807916	1.180777629141517	1.9031649308736376	1.3627790125033634	1.71301890928238	1.3722813062040662	1.5732095582356274	1.2151993707252409	1.2318995524548244	1.8699801196658812	1.397576948547755	1.6769472823941154	1.7648979378448026	1.6964585803847307	1.2888078183242024	1.11549495959565	1.905486888916144	1.6083727298605504	1.3517704574201064	1.3007488146350088	1.2138841855655484	1.8358851338072673	0.138117650907835	1.8299915217914764	1.739264656214233	1.8988457032556538	1.849918949511653	1.9450765856595362		1.8889215528906984	1.7639787464739696
I stay committed, even if results take longer than expected.	1.8107755931800575	1.3411698042440703	2.0444202152461073	2.0131650230955933	1.4974760877185829	1.8263495370779363	1.3308365738172179	1.8846450964248964	2.0553078654552634	1.793176115443536	1.8148755853436587	0.44809986616116493	1.8859497788696271	1.9070250318285038	1.8534519846048445	1.4275980309477334	1.4217610225622397	1.9169423589639552	1.9508117324295133	1.7953893725893537	1.9703063149184992	1.9103389848028645	1.6606896943262974	1.4127992330298316	1.346151997639946	1.7162724974411372	1.8533550754238104	1.8341751754916502	1.8453154385533246		1.8530318569047517	1.8400066151212928
If the path I’m on isn’t working, I’m quick to test a new one	1.6164916008984949	0.9260156115447208	0.8846199099144857	0.7948761693732643	1.2236453181306781	1.3467414370214161	1.3828199157817025	0.8238095238045323	1.7677894333808846	1.301942128340852	1.733332895441058	0.6540837373775635	1.1372007009839105	1.7381269581927588	1.0387861916840095	1.246526878413801	1.302559367026849	1.3690487142058605	1.8285820303752276	0.706748223976217	1.5414761485961037	1.3542902440231952	1.2605506628705063	1.2367541095110122	1.1294426869524066	1.3299299711260368	2.0954461486054208	0.7832182377843023	1.7179825419613155		1.8014112998534366	0.6739317995273946
Even when priorities shift, I follow through on what I promised	2.062561844517667	1.2747431642771683	1.7731096954249583	1.8925793516603062	1.809971201272909	1.9012672393913626	1.4123300447033778	1.7633509414101387	1.265938120789814	1.325912082917935	1.9412011470627077	1.2871312261970234	1.312903053374205	1.8308898171779748	1.9140910885932394	1.5193633931581039	1.9776456692601538	1.9984797214316914	1.7481770865694397	1.9278917959170019	1.884308144685761	1.6433932232614623	1.2260453215338296	1.2530476562352166	1.4619101261750695	1.7754730720864949	1.909961427665937	1.4278105978264182	1.8346590899000836		1.8473181226699231	1.4526672633506728
I keep my promises	1.759477801096223	1.2959545376580666	1.8844072291957885	1.73539920413228	1.2700485393576058	1.7905135212256469	1.4314330363263688	1.9331040176221168	1.9118534382291186	1.1822327862024973	1.8216343610527694	1.9629798555837237	1.3890111902065847	1.4012448011475627	1.779049825686124	0.9145732470972491	1.333505433326017	1.781526961548812	1.8876328638551758	2.0659609202277305	1.8250802188100521	1.9766516271347907	1.3456687359164285	2.002168038297361	1.3488611810721278	2.0864239888103544	1.830403087298074	1.5321888971526092	1.839689025433851		1.9307298988400854	2.0013821052208978
I handle frustration well	1.7225131787076604	0.698856784043271	1.9212787293058722	1.6881976917246586	1.1634373039086858	0.7671482004360853	0.7328043533362728	0.6832535606913196	1.8041667257299343	0.6427426174904981	1.7893353358254513	1.123237617899465	0.6792590730646978	1.1167007542581469	1.2931071749026515	1.6806784441846894	0.7649521678536627	1.7244689373906246		0.7017475968935413	1.2935258009652202	0.7661281614045775	0.8215335327121508	1.2488205268615515	1.159264747761783	1.3736837204944297	1.7079390441222762	0.7514591451157132	1.7873838457663487		1.0776164258519882	1.6896660730430608
Failure teaches me	1.353707728747744	1.3611945383892068	1.690940367697074	1.7153430936376681	1.7704448602242975	0.7441574842394263	0.7187812049261539	1.8174561987054387	1.1614149605208568	1.307888428528138	1.8718280763461768	1.4760675641039622	1.882766789760152	1.9506666482902117	1.1934736890049265	1.2266267091766845	0.824971776263901	1.3699330233512477	1.265644295616295	1.2578084829084366	1.4177923148954692	1.3065380855064652	0.7999127693931226	0.6758030798427104	1.4000185968833376	1.7327733668362302	1.7276593453949496	1.9347142737398944	1.7690241316121225		1.3660993610168095	1.86806952503014
I admit my mistakes even when it might affect how others see me	1.8794169047061557	1.3048725216203445	0.7436126191172291	1.9994430356342674	1.4713167884569953	1.358124395774735	1.5289709845353077	1.8932432895592117	1.75454235395261	1.8890840084219325	1.6837737073358725	1.179865739768905	1.541862012589337	1.8820203613374473	1.5031664618826508	1.3609151109474276	1.3175388799322334	1.4608146546821545	1.8785472061783826	1.7203193245795911	1.4917073447885585	1.2921123992162562	1.2967772585057544	0.89643955128151	1.7624236940987907	1.9385839439827213		1.8142684295536626	1.8358030267143937		1.3491731474501298	1.860492791386907
I am comfortable with failure	1.4623894635737336	1.035848692064706	-0.570350611554628	-0.8735476045481847	1.0400261034742262	-0.1222109394133904	0.022288586685693113	0.24612171991188103	1.327736790838211	-0.623323656558568	1.321636922353468	-0.04291746498076032	0.9762077395759816	-0.6944753988048555	0.4209681322833454	0.41909414491291064	-0.01634116072263958	-0.5415390668070663		0.0032654729534489224	0.4104449041507181	-0.3215161155513694	-0.25374362309711174	-0.25961876360972913	0.7887694765058475	-0.20047441557328294	0.8486051843373634	-0.5572201611944904	0.903384930311397		0.747180039272745	-0.6384644130662951
When something goes wrong, it is my fault.	1.670561565947648	0.37120653645050083	-0.650905665004992	0.015616512741233546	0.37107555395034386	0.6471604913619748	0.5121310584146421	0.35399633209377446	0.07181047443352795	0.4427814431150363	0.5521499607016842	0.8881170937273619	0.6578066959952513	0.4947544791667755	0.8398520882303402	1.3755376735422482	0.0733940837821605	-0.7276159548589956	-0.499822734686793	0.014752786146027153	0.6137321310242505	-0.045240399824833855	0.397104476749901	0.37638624748320615	0.9213766177990164	0.4629024596324012	0.3829591020378801	0.12453672937019289	0.8773063443161446		-0.14984739761929955	0.3965479650726762
I am resistant to change after experiencing a setback	-0.32476641968424613	0.08631940415473804	0.4160356991774419	-0.22093488290215763	-0.2572902909099171	-0.2135230381629561	0.2757538921749888	-0.23717137037631503	-0.15842188376727895	-0.17070717441234462	-0.7035174823528553	0.7075363706519437	-0.6150069185484556	-0.2425568104420457	-0.1573112942593483	0.9023129061296125	-0.26195976652139497	-0.6298105517160808	0.7512249445277668	-0.37495325194127893	0.21314837992348235	-0.1697078080840384	0.2099113877272495	0.23753772618469515	0.40511404325270717	-0.7017358634297548	1.3301388073483194	-0.9678979139455319	-0.7792485410262644		-0.6076550330762212	-0.7314672326989877
I accept responsibility for errors	1.2146294335429997	1.2186339989917916	1.3477100759932714	1.773946056894569	1.1740650424861112	1.288031387312571	0.41243875447414957	1.8127258030691435	1.1778254572599192	1.7248515501005515	1.2503597107137954	0.23019957486876091	1.829219016449819	1.2733656637840554	1.7275072254703572	1.1562133872866482	1.3418713413831767	1.7366217448044132	1.4953660590904412	1.1737255943254596	0.6821402286779679	0.9132730727289201	1.8679614471780828	0.7704232745920266	1.0187069987448414	1.7583217516375438	1.821715598946466	1.3432631290381005	1.2505876979562438		1.926946431443303	1.5581835225692466
Failure makes me want to stop trying	-0.670132551920927	-0.39166322803422254	0.1901895770158758	-0.7251789626598352	-0.7045055236873583	-0.8934823335452854	0.32768291326148913	-0.9413919655350353	-0.6553654665132177	-0.3767434285427131	-0.7293433570343156	0.23632299562896542	-0.8053249501840494	-0.7500479287914472	0.2346611919603947	0.6305882655478598	0.23642375586669329	-0.6236484311555288	-0.19226503378939142	0.1290385432904524	-0.7260786072897666		0.06553288623042919	0.21435029249571858	0.355810784475449	-0.2400383929476736	-0.6923697064145006	-0.9356925157712845	-0.8244007130575929		-0.8346918361720896	-0.9541023410805802
Some failures are worse than other failures	1.1233332009287524	1.0975834630196217	1.0905161465974729	1.4947470117563033	0.5818920510713317	1.1367130558266483	0.5562563320123107	1.5725327957284863	1.0294877134737725	0.5387734910831483	0.69264601018701	1.0052497081519545	-0.0011751927041585564	1.7371313120501906	1.0809620863838691	1.0631746890198879	1.009899661420316	1.5618062891431814	-0.5087468157052619	1.1492071352308533	0.48537334181399494	0.496207386341901	1.1932447012796121	0.5457105961369256	1.102551611357631	0.21738448636815377	0.5362319030091788	0.42012159602616017	-0.3713710074876516		-0.034900050748066125	0.013400436391462711
Some failures are better than other failures	-0.8029041934500218	-0.6711497823120007	0.7347164125864002	-0.7148229692685457	-0.18723830129726027	-0.28182288698604474	-0.6085945798373926	-0.7924485250920569	0.21955048981732073	-0.05262112717732492	-0.8093468024643597	1.0331388689118435	-0.23448682925760905	0.18848156898924917	0.37033539107321733	0.25172634493683754	-0.869339436955162	-0.7027376997288626	0.3469377016099816	0.26900100264439974	0.38792789240472303	0.2599790369710524	-0.19523631010471776	-0.3472482804029477	0.39118931141429203	-0.1077904919320305	0.24215270741910944	-0.3547225414747952	-0.7333526632316761		-0.34807226544619474	1.3040869743634271
I update my perspective even when it means letting go of familiar strategies	1.6164561542697204	0.6846759076334495	0.6176351066676866	1.7191444851616753	1.3484022139228027	1.7805507622224996	0.7698836956724505	1.3432488534827463	0.8026197722913241	1.745846674517192	1.8227412745336413	0.3858487763893126	1.8776460626611402	1.7692169621516154	1.3534408672968077	0.8447560625114173	1.2405305499124588	1.7577994260923506	1.237891855403785	1.1747325535739552	1.5768177597204542	1.369824847312961	1.3070748989645984	0.7706267701542237	1.357647920446718	1.8031626607360254	1.5522135749928663	1.3461870339309527	1.4704815607605215		1.9287250520459964	2.0277415805311367
I adapt my stances	1.2565133265567452	1.3258534113672686	1.2225975408372083	0.6905089711879858	1.1423239310546918	1.123336999051142	0.6780115202061477	1.2595692038083035	1.2263813042942706	1.2172652037965284	1.6572119287164875	1.1506256391563734	1.170737650987546	1.7240022166145565	1.8144491998466932	0.7259848457556108	1.156337827554256	1.2683281177550092	1.7721179277163306	1.1709023867940718	1.0748361784596754	1.2404976990724181	1.1375620545301457	0.7234297898207867	1.2715941262972357	1.8466546998754927	1.1303198360054014	0.5949463749667395	1.7273882507986458		1.140378450877801	1.551642898809881
I welcome feedback	1.7949496538984189	0.6894766695864477	1.7719060611997133	1.8226186974990028	1.1611074922942408	0.7049872782130774	1.4194375033863063	1.3205634112347728	1.903875211282894	1.3351192609389924	1.7056372626773224	1.3467094700386775	1.9051142572098199	1.8070190373374482	1.6804833383515074	1.2165973981791098	1.397972651886164	1.342666845466372	1.8848928223170054	1.3947194041214779	1.2236091127130995	1.4256844801986994	1.2741744875521803	0.6773305448230874	1.3107600670556483	1.751170022624494	1.8125119722760887	1.3785154268554547	1.9427254463960777		1.779073057646198	1.8738720164209224
I contribute without needing my name attached	1.775606105782236	1.3053230205152828	1.8218169830759852	1.95510572135779	1.9797806210416002	1.9515179744165905	1.2400945586350582	1.8786653081190208	1.7502705590784493	0.879235754794713	1.9004262893641712	0.6772841897469032	1.9121162024379172	1.760150144360257	1.8807113998786646	1.4589610740039167	0.7272057270271094	1.9048592121985126	2.0280727621421506	1.960363737885777	1.264474925846267	1.815000078945182	1.3085763969822843	1.3310352613552827	1.742768171076459	1.0195228544046553	1.1848618174167735	1.3475982581884351	1.7918501829050637		1.4613794854599513	1.27577690126284
I want others to know what I did	1.5466250518172686	1.0759439621813036	0.5534546167651726	0.08947588976591692	0.5464011497881776	1.32303577730382	1.042214028236578	1.0838635743335916	0.5209966955998624	0.05493904229852331	0.5690812952369184	1.1782023739844847	0.03353341199514337	0.5548142042871753	0.5142088336102104	0.9284450975909071	0.5357574298955621	0.6034728375510909	1.4062680161532237	0.47091852544574075	-0.14442269040724331	0.6021753791989983	0.2968439252496162	1.0551745014807103	0.40686504813650815	0.8596179849485044	0.4177401831744375	0.6133133243457496	-0.25798381601556025		-0.39614342210923487	0.028384630230702257
I focus on the needs of my team	1.7979918173705678	0.8333057113841734	1.0933517883530084	1.758688626648555	1.7559682194252915	1.777713316039487	0.7812447974114521	1.2343406761415485	1.2192222927892216	1.2783344295106218	0.7716070708869737	1.1568470533463309	1.0540325536600323	1.8139223120090322	1.2749749350137236	1.0634861804686482	1.2049778553817867	1.474484618667355	1.7420874695846051	0.7561829244896189	1.385704557023959	0.8807539325650268	1.277464874053726	1.1390893589096405	1.419376691221614	1.118211203132141	1.7756390277010858	1.2687652141683325	1.9552603059124531		1.3075829267587893	1.7715747782340525
I want my legacy to elevate others	2.007229241860449	0.8460289199092114	1.8355956411914707	1.9161660894066128	1.722859130920019	1.8457882049102392	1.5147823435269743	1.7721000423018465	1.5229571628762204	1.8482386477906423	1.96365819918032	2.029063084838074	1.3973510853698716	1.8604772216582997	1.7626069390206265	1.3436494162394719	1.848542009154464	1.416848130422372	1.8832440146083549	1.2647241596707524	0.9554241755895977	1.150201993238388	0.8944803527496176	0.768371653489085	1.3718022432940686	1.4932346106402972	1.941206920869126	1.5882753681845663	1.932114844640071		1.7563730235832655	1.7185979669523652
I am a good listener	1.7026594081638633	1.2340736197156321	1.8311055412150932	1.8487249174492795	1.7853998726822962	1.8038547878752147	1.30843812788891	2.080217160425602	1.7990278813669156	1.5184504430798524	2.0043996000845774	1.8058024646062654	1.3050230705803982	1.6808209597751058	1.2711883582407397	1.3481352798529387	0.831250356848985	1.7532792039026295		1.8983988736728055	1.2250229766332486	1.333690883863559	1.4219388469647027	0.1648145894032348	1.3499502181531762	1.5881765594403383	1.3958840016199603	1.484456489614184	1.8592603220472919		1.4467606348869348	1.9157120650028086
I speak up at meetings	0.9710595501363312	0.7013594377814084	1.779650972595197	1.675344860144207	1.0963405822089642	1.2517463445758747	1.230346591660731	1.2133036417567813	1.1717935032513203	1.0094526953304856	1.586008994407437	0.6647783416267795	1.903828130289559	1.6085147720380135	1.3121519865700493	0.13143929812829347	1.2857116318363189	1.5963579048693557		1.330995463776409	1.2199996850185446	1.7227257035575092	0.07574299891450892	0.20170812437934732	1.0281481945486277	1.1206176378816446	1.1820198863388658	0.7555553909810097	1.7534443445339796		1.077194614930654	1.7060680338527914
I value input from everyone equally	1.5927813074651904	0.8390951272102865	1.7631728352210643	1.7312926835593963	1.1619597098409593	1.2474476054709525	1.7344344606763795	1.231738633219992	1.2714745344031373	1.3603183016505307	1.8624445302880377	0.9139487173874679	1.8715763228490065	1.6697883454071492	0.6320110970290929	0.27205409238407235	1.4916486818555803	1.7044159981554514	1.189875409278945	1.844884921757312	1.318769825244056	1.7012293016487574	1.289565332225506	0.9093743200654287	1.3963914645293758	1.2464765204651527	1.664235582037383	1.231584907508289	1.8058632270535961		1.2909670802276445	1.6312328691662004
I am driven by long-term success	1.7426429562034036	1.1314466417697224	1.7850052943877162	1.8084633372017629	1.711313328625342	0.7786049369095152	1.3461065258497793	1.7567510183868378	1.4080605794210443	1.4388851473472022	1.945730578268958	0.8421027792032041	0.5936227871316412	1.3806730969120486	1.472283696883609	0.334894617575365	1.2932437830328989	1.7469142092735563	1.1903505810674033	1.4135585331468505	1.831306395082154	1.195487234202794	0.2877150372559205	1.3953522065765818	1.4097446120694017	0.842504426420468	1.7633685664103635	1.1647177180760595	1.8896031438837053		1.7473576488774234	1.9302689152796975
I want the whole team to succeed	1.9490764963695426	1.2946145786839849	1.7953008882321253	1.9682566573383542	1.9080182895942084	1.2420356831447528	0.9447070483426113	1.912461721845225	1.3609869141771314	1.3787268504484018	1.8160598022087098	1.2898127858562	1.3865922363686747	1.9927702791533752	1.934586081557701	1.3564253482159248	1.7668625926630033	1.9432444926176178	1.492413833812046	1.436598780722603	1.9476495424143088	1.343627997816078	1.9675210212440373	0.9234992816717061	1.4830749670312504	1.679171717219298	2.0351260443383445	1.8624890291814835	1.9497669144545697		1.8028116490332908	1.8545864833303503
Trust is essential for innovation	1.9250921233869929	1.3677502044597247	1.9494665934359747	1.7794287785424392	1.462894869247422	1.3443086278715461	1.1950746076048895	2.03536673225615	1.6550909230955257	1.7994817586771932	1.7987275726309142	1.9667618030002418	1.7861819851353484	1.7801104682013618	1.8883806024262606	1.3532437967173192	1.982255866814325	1.9186272147446113	1.8851085315295029	1.745247491854999	1.028928524812617	1.8082793694722188	1.4143581894511272	1.336088230186172	1.449331373997064	1.7664078754944872	1.7403979703307422	1.2817380536149043	1.785116106063458		1.2251662513661485	1.3130029584422576
I own my role in outcomes, even when they fall short	1.5139820216477586	1.3988670303084376	1.7253179942854087	1.831873077311128	1.8762904491686112	0.9250127159001521	1.4029512436446172	1.9051880523974694	1.8483378577796223	1.5033207825339545	1.7277563191147354	1.345980757673881	0.7564959308884619	1.5862006514008224	1.2581839435054083	1.4537730165055147	1.8429397269005747	2.042498741386272	1.738292855876967	1.9495956066226836	0.8768462242750606	1.471038575461808	0.6870022665665798	0.8175101342474308	1.4174158423575403	1.1950408334208058	1.879665933019254	1.3395355648335667	1.890443819502119		1.6658447762445205	1.5032678435649482
My personal gains are important to me	0.1129345703648248	1.1776850406470922	1.568035414203548	1.7247729882772491	1.8547617579482787	1.8830114245779308	1.2838734118888295	1.1093795693387936	1.746692080038101	1.6817642901372931	1.5835994120589905	0.6563701041918114	0.581919997044075	1.7047774165391534		0.788272576946022	1.8878324108385782	-0.28823681418674063		1.168667447726342	0.8189438404266135		0.6214400329085311	0.7608910281779272	1.1212703283910725	1.6743581952679647	1.198347603763684	0.019901488094156594	1.690358195403121		0.7332861797679414	1.2901036202773413
Innovation = Execution	1.2867865752999252	1.1280284461623409	1.3016237240782202	1.7621589420321904	1.265612801473575	1.6031726853434698	1.4231643182141571	1.2921559723740728	1.357805956493456	1.625776962116989	1.2426591011931427	1.2227073302254325	1.6047660212884458	1.7326242259888884	1.3940366227554635	0.735193380800292	1.2290047492385996	1.2311709037323084	1.761589106598921	1.2678146367691132	1.7295052163597344	1.3579030294943304	1.2062689419914516	0.8870542266210091	1.3821542819356827	1.1597514847836141	0.6877162529888988	1.3859278961089467	1.7514266887633965		1.197657224607454	-0.19423756569028489
I am confident in my ability to assemble highly productive teams	1.8014766101965698	1.2456595703643134	1.3448260141879156	1.646322586744878	1.1418435913250797	1.9215300355092109	0.7646262930065783	0.9965274845335123	1.2765492843607995	0.7446428511635683	1.7261169572103432	1.2381441269489586	0.6816822864972479	1.7352570787083121	1.1559612558433527	1.6003825309613942	1.2151144867508141	1.3307925772589506	1.2356738536833807	1.2067572895695307	1.5489585720267005	1.102316891341058	0.27828185112147164	0.8789993617567965	1.4036569200983	1.660640567743045	1.1705629817144438	1.2717184768816652	1.6561684083379973		1.2066200150965267	1.347739960362616
I know how to  develop strong team performance	1.2042382073402096	1.4086548958277556	1.343543191161752	1.7869478947049193	1.140056148166813	1.2535418136850627	0.8298863000941696	1.140692403685433	1.2212554877378552	1.1831440380530036	1.9796537499797588		1.1506043034493958	1.9354046229973194	1.6225984795002883	1.819948071443677	1.2721572724722645	1.8096307985462483	1.1822648050226656	0.871884944280447	1.8027847546930198	1.7983554341002146	0.37720524434092506	0.747921518351136	1.1084016593823873	1.7159689316513635	1.433020778235172	0.8538238279017918	1.788233675142784		1.2573694480576554	1.28219398378618
I trust individuals with their responsibilities	1.7282518321332652	1.3653798039778275	1.2094504242174395	1.1224537360177884		0.634888614749259	0.5981097433569009	1.205232603523279	1.1471663024780847	1.2398062459388075	1.6642137952559763	1.6634711750290585	1.2902913482912628	1.6532242286470034	1.6811615746241644	1.8691686588947245	1.276229939505677	1.7891533045563028		1.1967256954183614	0.7108860915512332	1.3273271893785414	1.165624362396399	0.88822053147698	1.490872503033774	1.2313128851630923	1.0099875530186269	0.6406167720471279	1.6786372910013883		0.7819700162949805	1.240493563562549
I provide excellent guidance to teams that I lead	1.806868796447553	1.1674089099358385	1.3297367704475769	1.662665852373169	1.367491958664243	1.3174888359323247	1.3499310804301854	1.3223897057278309	0.8087251930095891	0.7212700253027007	1.6704178873960858	1.2701351372978866	1.2496134709969169	1.8331037987870942	1.9084076510342278	1.7584911144800455	1.399439975084165	1.776564150136453		1.355354098855837	1.7072068892145096	1.2253303576472017	0.6791756190891195	0.09606329369245958	1.330389501266442	1.8222418701092087	1.7673849401799382	1.27392875649826	1.7114560335972704		1.2996386843429975	1.2996804025632551
I love to see my team get positive recognition	1.8529303392429042	1.2519410024071456	1.2820018939187245	1.845136811089584	1.921628183095489	1.8970231639183246	1.3585315651678211	1.862224088440973	0.9521837901254057	1.2933911531925886	1.9069486122979056	0.808492649369028	1.4980055332482176	1.7497339745481475	1.6856686209183445	1.7792835416958477	1.9489550893587135	1.7365821781137707	1.8093824178220492	1.564793143500077	1.7577181215014872		2.0067384791266165	1.0437603224555998	1.3765661052200442	1.7304359260765758	1.9281288945829296	1.8990090096950487	1.692939088590331		1.406700850508524	1.794008068614327
I take credit for the accomplishments of my team	-0.2082080986854168	0.9199068572589675	0.9116161331493389	0.6315711673618079	-0.5122011343416338	1.3853655858783245	-0.07167235305295727	-0.08974171110402135	-0.25348921113732836	-0.6548132952261585	0.39198799547353014	-0.21052685634749213	-0.07743626997005182	1.3405323956998025	0.38473201578494065	0.8999296917570165	0.4327803815197202	0.3877366407373303		-0.26487863190604666	0.4535960525931442		-0.7329634309056301	0.4401554043304339	0.8434096134539519	1.4880188208203118	0.4270898602599027	-0.596284434833335	0.8141700668835397		-0.7267213402537879	-0.5605298918340202
When constructive conflict arises in my team, I am comfortable with it	1.4569590238089658	-0.1385838728315677	-0.6738888781642616	-0.18114627872723577	-0.6388927661076019	-0.21622437406498857	-0.15949640525859754	0.4891977243688628	0.3929340029419217	1.004266402270279	0.41316898279952996	0.3616451404873745	0.702729304153255	1.2387988675167914	0.43876859523360023	0.9008833724089744	-0.007207966958745482	-0.6733053575121136	1.5151069595917122	-0.17819183983815734	-0.4510315245836507	-0.6242278671179458	0.34449300968557306	-0.3294406595954713	1.1716591484054446	-0.5727760400081511	0.9252863499382129	-0.6106586269556737	-0.44343175945552504		0.2701767241876778	-0.5422095781421465
I value relationships	1.8402911714897379	1.6006474472875654	1.837079246472059	1.9181069133638828	1.9231496140978834	1.3142186950131485	1.9498671335620446	1.8165077378612027	1.3097853101732582	1.7514078595908924	1.8493812334202182	0.8194345454818246	1.8776308710969174	1.9443659569399172	1.3647314815720384	1.370348021937478	2.0279023759142376	1.9795020089508795	1.8465584384915321	1.9349690246862499	1.2320885612809185	0.9051265050428852	0.9901944265000293	1.4223607120333865	1.4915837208457987	1.8133296582668323	1.8378615410342374	1.9343464452409556	1.2618292988237663		1.8374319855290144	1.8384427853846055
I can adapt to different team dynamics	1.9554600081122504	1.3050154004951042	1.5670907625671895	1.8101075076422464	1.8058441896960231	1.8751373357274734	0.7701718469023979	1.8250279992721097	1.3237019484426722	1.8075360094548827	1.6937913761602104	1.3425576161280293	1.891098021818674	1.7793591352904323	1.737891861105531	1.3242223832656084	1.2753523330875574	1.873778660696538	1.8553323365323897	1.3515091018480425	1.8207973497735195	1.2512935988177827	1.850027609454374	0.1386141985768874	1.2848206830672417	0.7899376539993332	1.966392129805731	1.4264453514039388	1.3515989711968615		1.817962073409626	1.7642050879585727
I can identify good talent	1.7277588264857582	1.2353781263637913	1.1936955130490978	1.833998738023257	1.634503285804314	0.8568011657149471	0.8328807665802508	1.2523702233415723	1.1868955640625147	1.2605982787033683	1.0792881457450685	0.6223840103952635	0.8357650425249971	1.9220160984801797	0.833269229474274	1.2323290117974972	0.9747745464330989	1.6965273975752702	1.6064869294655857	1.2447242981322133	1.8959881039943225	1.3679863215639516	0.7324661832856724	0.7480499300137217	1.1265838236542463	1.3105224551982655	1.746932536202082	0.8059436255363762	1.6754582095936006		1.704679508041604	1.7232349450255096
I am an open communicator	1.7675295003772826	1.1587299564361226	1.0934223816908901	1.6357277624520026	1.6494363126578129	1.851535284391651	1.126154620465162	1.2892344370896718	1.3641020349104238	1.1988906459585469	1.8253148101152645	1.3004206974713635	1.8296697421753014	1.7419676646302786	1.3845429749345652	0.8082135250403075	1.5250062085416853	1.826510015801307	1.8643377272057482	0.9231505211546505	1.3176405370037352	1.165405447563764	0.17956299368089662	0.9331559414034483	1.2548650154091003	0.8832921906580993	1.8441269114282692	1.3930620764892891	1.6793850159188541		1.8150604036221039	1.9101719212833108
I am comfortable being vulnerable	-0.41955839184528365		0.378502867064884	-0.44327590484858276	1.0658345034567538	0.4724378210291952	0.06758787831137691	0.4205024807715956	0.8134501897892941	0.19842241660761994	0.4945481491514737		0.43663864433744404	1.4474115489712478	0.5704977102357378	0.5080050906840246	0.42730825704131237	1.342137112090941	1.4489872264378616	0.4589639449072982	-0.002727853946626446	1.6954532918899068	0.1872201611641371	1.058472595749075	0.5619026826125606	0.5392713599402075	0.3419107804164625	0.5875218548390757	1.37288438748473		-0.11995413635224816	0.4156284448299735
I believe teams develop better solutions than individuals	1.371754998432547		1.136557505051702	1.3531019096610613	1.6826862979131674	1.7850872818179417	1.292433661974191	1.1416508234560356	1.105329287274651	0.6786968244326016	1.6857390750109942	0.6140249465167738	1.6664795414544389	1.6083709762347063	1.1125764065259096	0.6678222537189062	1.8112598079542317	1.6651900882036856	1.8394727352948426	1.4146058396870869	1.2341090806312431	1.2792858740802324	1.1969612374254783	0.6526073717322542	0.6797711537804421	0.7009111580299991	0.7320423495064111	1.0717471447815559	-0.3344308641192023		1.2660479358940533	1.3245289208129027
I create safe team environments	1.7165704099908101		1.8581603178149355	1.3437326396533247	1.7098779942021283	1.668717411070332	1.445218909624265	1.8438146906844852	1.4990396785287028	1.303748384156771	1.9874536311590476		1.4549979374942281	1.8560741433517016	1.4341602612038882	0.8185257727934441	1.2689730903892515	1.763021058518225	1.8004373703861072	1.3297151147954667	1.7098121400013766	1.6778892067920004	1.4215162867769373	1.4306101483668652	1.3062370770598775	1.8240927945072887	1.8435885534755974	1.45190941041054	1.6219587532726996		1.3368446254288182	1.1558413945955133
I am dependable	1.6015958032584174		1.7561327249380303	1.7561550172009242	1.17957210203316	1.3102573721600885	0.7931219792960178	1.9665959274452889	1.7663740184954888	1.7307771120260285	1.9386865509962847	1.3125956913477643	1.037534202902068	1.866421135826116	1.6941572278545904	0.5740151831588236	1.3493344984818147	1.773339671164162	0.7199625137845485	1.279199579017056	1.143970333448274	0.20240652034177248	1.3743223757521255	1.7229893387977524	0.7433627729403711	1.6742467376961114	1.3107323642131883	0.9286348405372209	1.1494835239701038		1.1989480930401601	1.3918888163831575
Calculated risk-taking is important	1.8549599264486543		1.3041809805639888	1.857593079006	1.2394158981050736	1.523655024457082	0.6192641539347364	1.3237324803640895	0.8997950191522746	1.8579743154414197	1.757275757435184	0.732302719267464	0.8683045724730107	1.6996650000594624	1.4576709729164654	0.6470472125324201	1.1220088696388462	1.34358236942123	1.6948667975468221	1.7314012384560418	1.27381641998715	1.2545382549977568	1.3862679878680504	0.6458530634565112	1.24230826655693	1.1911855621893495	1.6812651987468317	1.7815189983358994	1.1492398712279326		1.7374488485879898	1.7238701096269649
I am comfortable engaging in constructive conflict	1.6830221493366737		1.2848843469649853	1.2050926346230224	0.7830914769391719	1.5808309671914555	1.1194948335198087	1.1651059505861463	0.19583079558970873	1.2673316594153203	1.642557121089448	0.24877319359900985	1.635278279669539	1.6786438620551776	1.706557168807199	0.2895571883639372	1.0870482225186302	1.1480807397742685	1.7327462156754843	1.2371084857549295	1.1995475548535652	1.2032056301077565	0.5510494507312191	0.606783442645528	1.2207092570467644	0.22548828013728073	1.6667726930974676	-0.35190245289130107	1.1893019926383956		1.6459020331623808	1.620865692510585
I can differentiate between constructive and destructive conflict	1.6406109911000808		1.2048865567082219	1.6499426722636703	0.5346051613842703	1.6813648496945386	1.1760652395903701	1.2276868713028817	1.3714179010889087	1.7434185155756987	0.6808995767230166	0.6615017714346889	1.6980106686431105	1.7796840032446477	1.7222699086650524	0.1987031853906548	1.0727423777401581	1.0618900359416634	1.3756326308773312	1.2489145945150866	1.8473900963322407	1.5952480964684916	1.1141900131980662	0.881459657301523	0.681930796023144	0.730844364863091	1.850674890490772	1.2450908288982203	1.2526865188466698		1.2884788771559275	1.6649403066182065
I address destructive conflicts directly	1.7189425697410674		1.7572341928501483	1.217595190376057	1.0212380506669214	0.5825255411241002	0.6783444310359299	1.129752002292576	0.6485662054630423	1.1605592152170756	0.664678300430364	0.1618258100399007	0.955186108365659	1.8788365816624508	1.2362674226014592	0.20627939688968455	1.2359164656817274	1.096690853140153	1.2248632338995675	0.6214141521726648	1.571291949620721		-0.15256066022915163	0.6606491673004335	1.0989465008970012	1.1779520408819768	1.5865649052359625	1.0864526545828121	0.4546124353247133		1.0548772790133105	1.1673025241789265
Conflict leads to better outcomes	1.669829182150987	0.4451325141660616	1.4932231502066895	0.14357630579740432	1.0592355518410628	-0.45319623372759044	-0.032730838199613976	0.5704996733747001	0.4986354933531931	-0.0009415691889463895	0.28272560662115676	1.0128990503512498	0.524778801999437	1.5594897159726437	1.0408876662425566	0.43053622190066476	0.5269271125949808	0.8358743548844769	-0.10771746581275143	0.7013931745077548	0.3823046844492308	-0.6006161728722222	0.48768800917406274	0.34685546680968393	0.6763458965209155	-0.752634036294644	0.5882751205587153	-0.01696331466405865	0.4423236570041743		0.40490579423221795	-0.6547872226693146
I want to avoid conflict	0.6723532248386757	1.2731691813717778	-0.2399967599333604	1.032734606999154	1.5942911686706336	1.9846625487497804	0.6140788304903815	0.8056537319332553	1.1476783575607494	1.698536966867291	1.6650064249670113	1.2573463567919343	0.08578021479960468	1.6175861399813543	0.7794501149796376	0.6808162230445309	0.13254430655893923	1.6164085993095838	1.620770477055253	1.3524256249269784	1.276552973347131	1.624927360455518	1.083971914089425	1.0885993444009787	1.194866647115414	1.7033048975467802	0.8408076499695607	1.1817429560838106	1.61439130657815		0.43144920121688535	1.3871577405010647
I can separate the person from the issue	1.1479943707656775	1.0699407803525938	-0.47706450052728117	1.6730544530280285	0.5149565182010338	0.196246528664619	0.6081749162375087	0.7049771133490503	1.0900929219641136	1.3494178907858752	1.0816439431410712	0.572693645511919	1.0627170715850398	1.6009225235613525	0.6544509242719689	0.4379964823665057	1.184079225171269	0.6120789856826078	1.1110082808189004	0.6995088068069149	1.164199806766651	0.4714938239780889	1.4638565404046469	0.6553453268044309	1.062984002033644	0.6295046115408007	1.0574920518350346	0.6795748467503748	1.732525847866932		1.126725936643214	0.5997260517859253
I am good at empathizing with others	1.719027951078143	1.2454969544110166	1.0401200657175478	1.8625062487206208	1.7148285741765839	1.847623559852694	1.4202025346768812	1.2726123282627197	1.041273510852354	1.1945280317327915	1.6514434452031361	0.6340005868342988	0.698084264624745	1.7335379777729867	0.7926090579953607	1.4266209040091895	1.2109483878147143	1.2275317053890356	1.1584089497809233	0.7169186132755326	1.2378663589095877	1.6674690758180808	1.7538301406662455	1.042688743197488	1.2109883188660473	0.7643192719879696	1.230014475739594	1.2515153106211012	1.257729464291765		1.2882925158684588	1.8299493372794342
I can adapt communication based on the needs of others	1.7933943793714735	1.0583432759523201	1.2388305025093338	1.7258576385412336	1.728811805431905	1.655844282868011	1.3602509570112338	1.4231724312373977	1.2785125664200525	1.2892954830158871	0.6287265423195326	0.753210582650901	1.291676209198315	1.8465145984841835	0.7855965686529545	1.1448502999660766	1.1081395250166564	1.3021203838314968	1.2575995449661936	1.235196077798656	1.701031733338478	0.9284182917894555	1.3024929645731633	1.2611120593977254	1.0844678029870862	1.097479833869377	1.3150278357631517	0.8994022234216987	1.3003690601394928		1.2500008679048753	1.8508158149581488
I am comfortable delivering sensitive feedback	1.7096826026325647	1.2200376784472828	1.1079742340876821	1.1895119058190335	1.6825803544412672	1.7805348863787813	1.1420978561122328	0.7265167346136129	1.2806449058816822	1.1831608401072318	0.8457746992157332	1.3012658378075899	1.8174157114839287	1.284237203520758	0.5776223424456585	1.193250151934131	0.6734402708169431	1.230371408453903	1.3184861876521223	1.2532144151824478	1.766018228662233	1.1737664704478044	0.8232107483979335	0.6804318283526832	1.185380368999637	0.4876082236165852	1.3979563375488149	1.172101447863339	1.2075867453672502		1.214566583377346	1.7174457574556894
I listen before speaking	1.8354745477330745	1.1974903184318397	1.3552939047274606	1.8321733379960734	0.8978316484927874	1.769290523893209	1.2506516167076271	1.374708702672065	1.9783704468486532	1.7685704649257858	1.9632059258261427	1.2676090520128183	1.2318766890689434	1.8473943002274744	1.330107642598243	1.326983654450312	0.7428536247056633	1.251296846897794	1.7606443563189127	1.385606586790201	1.8118674492811109	1.816589758506241	1.7876740975496013	1.2023773294027276	1.4142579579343124	1.9868319956541995	1.9563797834742709	1.9281838958607578	1.9688993385688107		1.2576596750556517	1.8228195590848166
I remain composed when navigating disagreements	1.687380452948699	0.7258869915069679	1.7986792992556508	1.8853230386181044	1.395752542187359	0.22986774625647877	1.3151173993756402	1.8291264663278732	1.699979315635951	1.8251309549262626	0.8256270732188242	0.7899916064813837	0.6156411741675243	1.823672515956301	1.1901765730418512	1.2117218520097333	0.9013955447827229	1.123397374402626	1.8533725251200348	1.333034623846036	1.6382802496899338	1.368693430289785	1.282957156201502	0.791312883494911	0.7884603221032089	1.7234353559264586	1.7491793891469387	1.3212584876211633	1.5845078964521475		1.163037308275494	1.8020005316718568
I can discern emotional clues	1.6747050081392536	1.1867919822168265	0.17094280920801697	1.7370528025711374	0.012392756807644734	1.5270005600787246	0.645750921045984	1.213068064325534	0.6621297831805353	1.0448623548665803	0.5995599283120056	0.046518318164372685	1.0576790626829224	0.7072721584935471	0.5434253977766048	1.6655001040363264	1.2028746148317813	1.011089272916895	1.1956569194525193	1.0580514807704757	1.1773080281293966	0.46392803739351884	1.1045304350361123	0.5889309737593287	1.1203728196137126	0.7368749316727796	1.1006085039744022	0.6579822344649737	1.1633880103885612		0.9558662459477323	0.9526943122609803
I can discern emotional triggers in conflicts	1.656366023104619	1.0264032127846114	0.13254330129466607	1.7040175797726373	1.1717357083711004	1.362783967681278	0.5477995896434767	0.5620879316493237	0.7523037197845276	1.1299910365743866	0.642875166113397	0.6262602326911001	1.139926125879974	1.7518507966808654	0.6085093605604446	1.625951461152182	1.075545385292593	1.2270759718377873	1.0286942952200122	1.0901818830842953	1.1367995010060294	0.6293747736468737	0.7060183131781342	0.6994059238179074	0.6351693075119631	0.7358630477276599	1.8301847676860197	0.9183289947604726	1.255846276630121		1.1538520062920763	1.0970146885451406
I self-reflect to improve emotional awareness	1.6743482657695024	1.1682738057497923	1.8991534277341044	1.7332743196208105	1.2472426227425437	0.6109083794108819	0.9565386791614063	1.2990649432067807	1.758931469459424	1.70656180293933	1.9942267258466864	1.3851931196869556	1.3879916543255213	1.6621023962320374	1.243730639309672	1.8470708587511255	1.3518193795802236	1.9704817677293056	1.1005497414989578	1.2110794281291946	2.0152784733825992	0.582143160056965	1.158831664829763	0.9018281981438978	1.462116080005077	1.7964778842242979	1.838985683621334	1.3476331181911392	1.2539853561780865		1.1973220781859821	1.3772829035367073
I am comfortable owning the responsibility for outcomes	1.7635153290101326	1.5281773289282572	1.8473155123326355	1.9755817694595925	0.7347276876970551	1.361526195967493	1.2447929473179566	1.7445947374863262	1.8292693614394846	1.4446322830155744	1.7942476377871972	0.6539424248262723	1.2968009919270487	1.8793455356445992	1.4769505110110783	1.7002294504530646	1.2939294845189029	1.5935230143719048		0.8838375830758611	1.8044852262085425	1.2282931934247883	1.2301697679227266	1.5249817432878037	1.2924191737432331	1.410675344847815	1.774008412124581	1.31171005364891	1.3472790854659549		1.7112173551701721	1.8910804863277417
I am committed to following through on every promise	1.9625818220844253	1.4862114774516912	1.8465576376910093	1.7451607356370356	1.434585539995676	1.86515894338729	0.8265092208188995	1.8480909158306378	0.7692635637002113	1.2249515402798177	1.8108205468467753	1.2686448746089454	1.2926143645776647	1.1908071834536487	1.3007228679315337	1.8005895506270375	1.8787646848110249	1.7521721205594762	1.3040463442078811	1.2252202430006411	1.441365857357027		1.225913110619917	1.3461763338174844	1.2645827680883948	1.4283689402655677	1.708155357890809	1.2522202821208979	1.4156391747980985		2.0175416950476937	1.374262362537733
I  acknowledge my role in successes and failures	1.7408085607045218	1.1761172120944634	1.622576003112992	1.8735054341143842	0.7013156895487432	1.2742983383337356	1.3878229975091436	1.7566441197501024	0.6567325696198255	1.2446777551174821	1.7064082393802869	0.17869889829431107		1.7144057548266596	1.8504419888921868	0.5056838050096236	1.688389608585645	1.282510605917079	1.1936677122096153	1.8389534623179018	1.2487056634649751	1.8125193356347218	0.685269197008921	1.281676555827573	0.6856693082976795	1.7984815696510035	1.6812707387340886	1.2082830618901133	1.2740838419401195		1.268657462459276	1.790393204868208
I am proactive in communicating any potential issues	1.8478927369460814	1.430754777726683	1.143319812230466	1.7872773801686357	1.196251614024935	1.7771105139652343	0.7059738738080933	1.1849277462543757	1.1939214577846196	1.4608701035335168	1.9434312011461623	1.324535632070261	1.7068491932146683	1.741863114968448	1.319372995171297	0.717240594812136	1.6663534873225103	1.2127096937795754	1.1432607573442461	0.6538056276286961	1.295742306724351	1.8033522564108706	1.1417455933283915	0.6042662264590597	1.1902026897731108	1.2219313517816417	1.7592513363401912	1.2208613585975092	1.2315706801422825		1.171704901733078	1.2601968569207647
I can say no when something is unrealistic	1.711098468019809	1.2633420016846528	1.335976896030748	1.6369427739427058	0.8179605555292797	1.869222435400977	1.319712266074751	1.9999230043338556	-0.22582155272027477	1.8315178397889482	1.7676155637825197	1.0799561944340634	1.6998003590802684	1.8198383447286266	0.7729974761228091	1.076365116715323	1.931088077940671	1.9026788046364234	1.1718339524142436	1.366308553367479	1.8515409683139759	1.6819994558258462	0.8520660311592088	0.2768748361557912	1.2998853261688348	1.8854390159976002	1.8892064901604562	1.427776810444301	1.7477635328439145		1.6792637855047021	1.1974131339915435
I meet deadlines	1.7194112977511797	1.1066277095464985	1.4066180797998218	1.900487840961479	2.0408330523389315	1.9280034319436854	1.34544541950772	1.972579061580751	1.6568348058868367	1.2728855275105302	1.2267333294430245	0.6485019126041198	1.2572336543751936	1.8588427594335528	1.7666172570355294	0.8858272673346153	1.3027007950353697	1.3122470334191232	1.7608629908039166	0.6665025588388864	1.3404629595956945	1.275873539088533	1.3888082213318893	1.904911349220028	1.1757625095462605	1.1442989327208248	1.9438248051240141	1.3149786323768327	1.8709092763486759		1.6601212690750125	1.814519264592373
I learn from my mistakes	1.909063202583749	1.284635914351807	1.9149760968034966	1.8980186089041102	2.0228025461082795	1.52227073987244	1.5086143624493698	1.9187544176602471	1.7418004396047548	1.3779031294700577	1.2031886773624412	1.2363143413811017	1.3029783628984095	1.865492832745693	1.6396404735308887	0.7995957525327431	1.395566674456076	1.9128630386636636	1.802759982316649	1.4450328061629962	1.3392061984520192	1.148121755552689	1.2307749094938276	1.2763340750489989	1.4162245257815296	1.7335133954983903	1.9364703524286524	1.8328922885580865	1.7462248862807304		1.3988856961659923	1.7630409656285502
I feel comfortable receiving feedback from my colleagues	1.7317104402002241	1.2935557208423185	1.7181947992116182	1.8689718398251496		0.8034634635110346	1.4164672110129173	1.9405839636136055	1.8031080996955184	1.2668328361626007	1.8537481828934954	0.9030656633647016	1.8151534411693615	1.9142528185960632	1.838590373561244	0.7512416319775503	1.3872374333529165	1.4915286780547692	1.8117177515412901	1.3534196138203927		1.9143242800214555	1.4882113078319543	0.8270932543180133	1.3151491508643731	1.8117737210256712	1.7106657025958512	1.3993186498027177	1.9447562441793078		1.8079261199267012	1.7488472115901057
I believe I have the best solution to a problem	1.5724000067686186	1.0766726318863626	-0.02097610968213781	1.267497931526397	1.3118674254368061	1.657997188860942	0.7461852012750417	0.9594249092669446	1.0932387131180197	0.6895971799669259	1.7256300592011775	1.1321310765373256	1.236502870946608	1.5717648056445856	0.6790121469191438	1.3849364425547899	0.9101881033458582	0.6248323962046332	1.1457763876352058	0.6615815101335852	0.5802588506776661	0.6031552961897212	0.7645949363598953	0.6527225841691043	1.1383603125705575	1.182483042630818	1.1890097079591926	0.743400248995873	1.3135781163290843		1.1215950652051379	1.7291853564998716
I act without thinking	-0.9858600318123792	-0.3968275667537166	0.7264145045339095	-1.0032813746794333	-0.8558662032930325	-0.41382228499784157	-0.9306150714079993	-0.4732876665722643	-0.8147737930651967	-0.7067416317032131	-0.7083935333439428	-0.6533084068417723	-0.2512251660009228	-0.9253257007469483	-0.9325066161308242	0.6684930770827923	-0.41808058382408786	-0.8175772422172718	0.7074247996758968	-0.23740055733671406	-0.6338095815707965	-0.7220665700194451	-0.9086657836377194	0.11177440909212788	0.6192269245108916	-0.7709032591899998	-1.0878057080747192	-0.9170739461177312	-0.9137412238015898		-0.6828594286331002	-0.8728080118977173
I take time to fully understand complex issues before acting	1.9100847497111002	1.1598665980922611	1.8284519279859084	1.7644807331724452	1.7099567363550867	0.9209189517316737	1.2904742468574266	1.2504177894825084	0.7362526246834112	1.6737734983752457	1.8926929883253152	1.0117807619463046	0.9825727597075259	1.7218815375997485	1.1794971335036704	1.3354561998481542	1.395571951039678	1.2446602879310498	1.8803217101625838	1.0188067579708742	1.7780256254703022	1.2928235299912	1.380729594847399	1.3844066270451787	1.224921549518506	1.6212677029118057	1.7712634542588415	1.2691129435959532	1.9243008266933703		1.8459035405263684	1.8464675386098577
I make decisions as soon as an issue arises	0.8573092595231813	1.2375398554053876	1.660379701832639	1.5397373444297056	1.149584014871001	1.547443652453058	0.5988364635222078	1.2255604723055704	0.9238860370364701	0.2972644554643148	0.39894804596432376	0.42896978280617726	1.058488776068244	1.566337804982331	0.541258400453915	1.6208543562372042	0.6356954690534864	0.5741052630237485	-0.08228608100421408	0.6441500398674376	0.6477504816523727	-0.5306877388534853	-0.5080835437621991	0.6671698397701991	1.118139181339822	0.6420668769643143	0.8594350832822195	1.146822137531308	0.6143499737911073		1.6522575512954187	1.6494464945265417
I break problems into steps to solve the problem	1.623638015453714	1.230541185898959	1.3185731270300614		1.2204554265195053	0.25884505485932097	0.8484250101961425	1.6626468292324739	1.2225765772890713	1.8088796706261268	1.703218029366611	0.24390894128282992	0.6527989915623079	1.8420666483895136	1.3136538394273862	1.8100862774936122	1.3128204890616293	0.7056082125185675	1.1760749953128795	1.2621511900934483	1.8903283088951826	0.7674530512473229	0.7064524056992043	0.868694288643186	1.1559145950661365	0.7610306182550522	1.7553735066908644	1.272205985523513	1.9002731160439676		1.1931967817456446	1.9014718190918702
I run through possible scenarios in advance of an issue	1.7490755115910452	1.1913969767304995	1.5618769428171528	1.9658966147246988	1.3882851794292754	1.2654102881197724	0.7852008880560497	0.7886223074463115	1.194652142460583	1.7261629138622157	1.2321834106745462	1.2009392823711564	0.7428308394138381	1.6187731448669442	1.3187727532820115	1.7495625713276375	1.7103648973665535	0.7890700171478742	1.2853472432450093	1.353000740782988	1.0633146151631236	1.36299828143944	0.8589309693413263	0.65182129125228	1.1829600867713717	0.714704689126059	1.2587046218951792	1.2675571866528603	1.818840383654346		1.309888940506887	1.6472721393520975
I examine multiple perspectives before making a decision	1.8468671985531473	1.3187791858303264	1.2297120692997714	1.8414026661213558	1.6098080005501303	0.7325176184274672	1.3505000741245108	1.3033008410562834	1.3769530366307539	1.6832822468967628	1.9065991530566424	0.28378259317458865	0.9015379340020048	1.7679013336467042	1.1937036405202917	1.6891427652348616	1.2302245078759886	0.7334587260499124		1.432660828442272	1.3619355583188009	0.6987440217917884	1.3133838515905074	0.6445286859575515	1.3121479482702827	1.650708273328163	1.6546781943674485	1.8288892838193056	1.8775458142840353		1.0515316483817845	1.7265672988833836
I consider assumptions that drive my decisions	1.7422389596414916	1.2445961317491725	1.7365999500758003	1.7403670592776201	1.3998436334763729	0.3660118241688266	0.7453418189138562	1.8489676460044189	1.2940271825118272	1.8973933919166828	1.047370890815274	1.1151808651690023	0.6047952182613	1.627927976460489	1.230034392234694	0.6590127131789685	0.23698275588176776	0.6290026876406112		1.417099355486299	0.9074889837141772	1.1522601941393105	0.7062524602351802	0.931723104858663	1.2125054390172987	1.2735775630397588	1.1999020587303013	1.226079966961739	1.5998288843601394		1.1457168989525424	1.836535653176854
I am self-aware	1.6684671863501277	1.2280180039246507	1.7523863146594065	1.945896912698384	1.7100938199988436	1.808709323775706	1.2435070436459756	1.7982528479448274	1.79884131512141	1.8775097668822867	1.6960260380027974	0.7747396935254498	1.5451175416905392	1.7890725325215369	1.3460762242096984	0.7431555322242385	1.390183675902903	1.3319489939156621	1.3818439777718245	1.3698966131871624	1.4241705477602682	1.4017753727151276	1.2271245966418836	1.2099084772994664	1.2592842314587944	1.871741986270466	2.0074410747572458	1.7668000743584638	1.6852193619249756		1.4364514777445503	1.8446128661584227
I articulate my biases	1.6939963261889732	1.1826848597894979	1.4977607653397962	1.5683684393002233	0.9469832880192033	0.672734197989063	0.9337405434891577	1.178409378460407	1.3614565348807262	1.3460420172747802	1.6039679579526178	0.5678775348622851	1.7201138195841754	1.6858261753895758	0.7443277400763881	1.212392652465456	1.6704076086413728	1.2817481058913327	1.1504872464283362	0.5140803861084621	1.2521199158599234	0.6392157860317934	0.1866478748082837	0.15678141554014208	1.2714161883347568	1.3419422995561774	0.6348327374702639	1.1802539211579344	0.9450117225789241		1.0898016708925533	1.690806969445185
I ask questions.1	1.337564456271021	1.3579640063987677	1.938078931662476	1.8334508808367387	1.2415167566921745	1.8241327485540255	1.4926118237908699	1.7717144710624533	1.4761488479911202	1.5781787639498717	1.8863173569228304	1.3571463842670064	1.7645185957341463	1.934021427934633	1.6724071737067607	1.4620889899581337	1.8556893580023055	1.3298701956658583	1.849698862969309	1.3827207752318964	1.8918630149678242	1.220226204212902	1.3363193930139818	0.7447236714339162	1.3138070167282825	1.8983349515993155	1.9868827773129714	1.509977044900379	1.2926819031647514		1.3980783900595233	1.9117099566449518
I put myself in uncomfortable situations	1.5378139006643783	0.9217731043745097	-0.7222775075163198	1.4780054077792595	1.0547704985965707	-0.4633796849881242	0.44206556640130135	0.5920043609673313	0.02321991868857287	-0.024443082523775694	0.38006312949526677	-0.10226925732052838	1.5599953194215577	1.596949571054697	0.45455634655636146	0.025760757977986937	0.8519591589131827	-0.08932440082016069	-0.4930787069630311	0.2645770282790795	0.5451549929109145	-0.06279011679430135	0.48037858548043477	-0.18391403687339325	0.9448470087188818	0.29298175581239183	0.5617371263352211	0.016048842693499044	-0.557137362473017		0.9333444377354838	0.7139000207056068
I am creative	1.7693860738378486	1.3905921534437526	1.247180242141329	1.7374441206242297	1.8827693414794697	1.4063911516726155	0.7048497592175056	0.8567155497825217	1.2823471503505401	1.6392356130300882	0.9276410057441348	1.1689044814602125	1.3543749060777808	1.7160084436504648	1.250827770520348	0.4260148614464394	1.3140280012009549	1.2530080383487259	1.785386226403448	1.2760730978349613	1.4275683297598878	1.2120876126514775	1.4837321049001542	0.7440110560205425	1.3411287807119416	1.6966887430773538	1.743866959410282	1.197264510043583	1.7587505136375676		1.302588524380849	1.7103475516447006
I prepare before meeting someone for the first time 	1.7848553623530106	1.3355532517764486	1.3708062567465769	1.6884570487258874	1.2860298411045492	1.834802865834888	1.8416314969503742	1.1767590418316036	1.7756877004598839	1.1949691694713986	1.7336530213241006	1.5704171088540573	0.990329801876897	1.2452542005983722	1.335382998208006	0.944620674103568	1.2591792090682241	1.8190593859844664	1.6661172927502017	1.321569075721106	0.9131455074521141	1.2919016634126232	1.3814567665289794	1.7503903025124776	1.4624338359433326	1.972718754917727	1.8065885781778848	1.830385227961612	1.816284625297628		1.2308734741402731	1.7277321762829163
I run through multiple scenarios when considering a problem	1.768795319552557	1.2121971615057787	1.1868269073414746	1.614582158138657	1.2337540458855574	0.6354315200640098	1.1582153537806907	1.1629285267165796	1.5964900877337422	1.821912748430156	1.7699289161159164	1.2267660551317652	0.8657878279784983	1.8663510065908946	0.6962630387269394	1.3864997249916164	1.2681724006278352	0.8767459845924639	1.5531923252268267	1.1365373109117831	0.7271686253625321	0.8766396383345174	0.6581980137921515	1.1834829102781053	1.3143753010818677	1.6209712629030153	1.7716486189414324	1.3827455292350879	1.6423103778158301		1.1506564961971524	1.195369691485279
I adjust my approach in negotiations without losing sight of what matters most	1.7409415620088682	0.9847078860392672	1.7410688847846894	1.8570885409695999	1.1388407708838586	1.1538488135000007	1.3945429154977393	1.8543267506923087	1.160973609935791	1.3733980737679654	1.6849575884290147	0.7134401352931938	1.216067768800296	0.9411833598566502	1.1545613680029896	1.2458026280986498	1.673475172033962	1.705849702836248	0.7681746149282992	0.6197231727698114	1.2431860050240666	1.1444232895109097	0.07328513885733445	0.7311584653360714	1.1904476234121306	1.278461629308992	1.6056366893628007	0.7699881530011711	1.6735881317104901		1.8669911117590088	1.7022606232328785
I can adapt my message to  audience	1.7237938355857234	1.3594129917033806	1.2690071233974312	1.8618100783495248	1.162200482976664	1.280764977381252	0.9047650082252462	1.2586702417355662	0.9097012544893913	1.2503597203664283	1.724593756940735	1.3190971776805083	1.6128693744027034	1.7841629590307613	1.5719124497406374	1.277706841133572	1.415888120014539	1.4618236174386467		1.4049709368246783	1.8063543516678995	1.3774327272840097	1.3161216788839076	0.7366137027588837	1.3651874640338368	0.6321045042658687	1.8686054337422697	1.43131847167693	1.6232862814447402		1.3280594382111102	1.2461493952666043
I can see someone else’s perspective	1.5606171930746964	1.334638676969515	1.6366896596839198	1.7640832710528944	1.1017196169816657	1.2270656480345803	0.8106712013476367	1.294924783041533	0.6340593943392165	1.002688538817814	1.8286119748998606	0.3142010632244221	1.7817379699820928	1.571829195347845	1.3864540454889727	1.2387029150544704	1.2540543410840468	0.7606542522096267	0.7605646351802466	1.2536420221846418	1.2908578264469632	0.7034642938941322	1.3528701656416693	0.6780218434880816	1.0598480676142892	1.4865898007984903	1.9002856697645443	1.458265907696414	1.553404300749384		1.2894024693559916	1.7631551300830621
I compromise	1.598868842926998	1.150486548486393		0.9403662347807186	1.0911454147585093	0.4265572099869188	1.1347324253304407	0.45934038920007036	-0.3031726755302702	0.028871244218901693	1.494582216538837	1.1762069686396739	1.2274573344532413	0.5452106720651648	1.6019739674604963	1.5733808052130613	0.580730936799743	1.0782176408646453	-0.3308174230821888	0.42198509085303204	1.0382530598003328	0.8671463382620471	1.1157449804523254	1.186415752556477	1.1021717474745256	0.6241497913677908	0.635972762218651	0.3189688568202059	-0.3103355171701705			0.09320398546866393
I am collaborative	1.6009547247923372	1.2339909568867609	1.6578101934518226	1.8000024263133836	1.2729024890843466	1.6345896734827567	1.4013461577317843	1.2437613194435708	1.8520315171620794	0.8427535841603271	1.9201684117075415	0.8585991356724227	1.79824339231821	1.610458309562165	0.9017156839186409	0.6990253451872732	1.1722017146977877	1.2478694576733584	1.1391506534734923	1.220875078414424	1.369118823203188	0.824631758749065	1.1529040202883691	1.2930715461540874	1.265981876934994	1.1829138704318982	1.8228561750692462	0.5625962942525853	1.357984901535525		1.2211732883338609	1.7177366349372065
I am adaptive person	1.7447606025230504	1.38178300354775	1.8955303169214757	1.8344339595367023	1.3013790719997025	1.8062081875530236	1.3865327604728037	0.6879215009241191	1.9470111254888631	1.9417890106468878	1.8447726890196394	1.2453030325023262	1.282186887020323	1.9697538248956699	0.8447279810594441	1.2427822872245076	1.4282830609512234	1.1184295976167258	1.1533019126627078	1.7582815748234661	1.3695534990868465	1.8567567442044735	1.3158272427165267	0.9327117832674658	1.2721593739147412	1.3394079464265152	1.8417677994616524	1.087908612597462	1.4789076959462224		1.1838408778507599	1.7225706684454725
I am composured	1.8104986285215061	1.1011545892024253	1.0869106091773348	1.8406009681310331	1.271914611721654	1.2422370519846744	1.1834841677022323	1.8376239225988928	1.9906512048317	1.8524775664948663	1.7092530772945065	0.8188339408693246	1.3065771545117377	1.5109245733983137	1.1815498043063062	1.3013420749527147	1.294607559918558	1.2925450759900685	1.3190415927948653	1.340281900220442	1.291395168590496	1.2866815931449425	1.1753500819407505	1.4220474738783713	1.2821463737308574	1.3394236655943719	1.9433538387771756	1.4286480359885918	1.3675336300813945		1.8098437614838134	1.65975832852293
I am open to diverse perspectives	1.8394288782167254	1.2616997056665689	1.2623135705135646	1.7611864601922615	1.4395510955239899	1.418331659971925	1.3759384425918282	1.3331720921507526	1.830202053138649	1.262933195143392	1.801852018001949	1.307566803725786	1.402037177710846	1.7051061125273175	1.994388243059464	1.4065505206472246	1.9484169284612904	1.2890073280966474		1.852859308597588	1.3396827851508917	0.7308361606718138	1.2873040467237296	1.4333356339138463	1.2828473004033878	1.3437947872397218	1.8139025823308637	1.228661642209162	1.3663802175928619		1.6871823108688386	1.9702246086648576
I think before speaking	1.839622644010674	1.3608437735322232	1.9126570227361124	1.7262110173531187	1.7658758268525192	0.9019883553167359	1.388294711079864	1.7606100312325164	1.7447841115422662	1.4296279702255918	1.7959753806715817	0.31434084530056117	0.6417401482133266	1.7856312051182788	1.5290058326291933	1.2117966685286206	1.3652226903458362	1.8942781508966204	1.3218141797241008	1.9431139380478921	1.8738334685873421		1.8159538686642955	1.377824693782379	1.484688505081131	1.3151530141718828	1.7404918600763075	1.80859482520703	1.7674466671767437		1.2963140543367908	1.8150194696798314
I am influenced	-0.32268243377796796	1.104684205318628	1.5968960304337352	1.7037574979718797	-0.24974252497606747	0.9872846113068966	1.0123473708069946	0.7384699988583697	1.414682482886088	0.5125157864986973	0.6757697578895053	1.193241937613187	-0.028385818605250246	1.6097191279421756	0.4935610966667032	1.147740411904464	0.530942481974058	1.7771135724866904	1.168745680789784	0.6002554553197202	0.4834142330381609	0.7030683170162747	0.47311812524376184	0.6650536052690438	1.1107914957560365	0.4347663249978436	0.4409426757875733	1.1340547677795159	-0.47658792037444553		0.05736791190776008	1.5473196765970791
I nurture connections	1.0922324131133883	1.4003669011531177	1.8192347413170002	1.217097974519737	1.1821799097650463	0.16804766586894931	1.1756264301190682	1.3923893873519413	1.769891698596567	1.2820686890059423	1.7717924026131289	0.5923434698808041	1.4161470283304114	1.7972091600434152	1.2037368460088744	1.4002858160564229	1.0980754339400332	1.8044625697065537	1.1444907419535657	1.7624362289760562	1.3487592073531822	1.4501656687836488	0.33186738454507236	1.1715471083653168	1.0900906781891462	0.9432663683383178	1.636233840366741	1.3731029149089762	1.3252802410554945		1.701495089301829	1.623041871645659
I use people as a means to an end	-0.7793171319117113	-0.029408199753869768	0.71122457103444	-0.14688087628012547	0.3221933844196643	-0.8372150540420099	0.4726513466433244	-0.9076989143217681	1.3409692009904084	-0.7838951300448759	-0.6175211130034316	0.823483551876415	-0.13233518840386105	0.1826689338153441	0.07334724005461646	0.3271542865964867	-0.2710685352572223	-0.5557088679105919	0.8743711790305033	-0.05484254021010071	-0.19073412868571293	0.24076907034482908	-0.5917184183246956	-0.7698180060032629	0.8060262779229765	0.4660065213281872	0.32861947907087585	-0.5858399459007039	-0.7062785048040409		-0.9366153625691925	-0.7247011390311509
I listen actively	1.6923992900926923	0.7540201823780481	1.760717393265337	1.9282506819874248	1.7440598338114446	1.8497988233616531	1.178296678136318	1.8003430637618991	1.6715512159628836	1.6938411977899495	1.9549442610511532	0.4455080841945587	1.2895127226759227	1.8577946172805275	1.3201469380900284	0.6501169986628093	1.216834949942329	1.7705201044099328	1.9660091795679355	1.9052852383673267	1.8117050488288209	0.8714323881510313	1.3005805775508368	0.8414280003912684	1.1640136349961208	1.7334768046840874	1.8892607267288393	1.8438302734024867	1.9024689047511447		1.2588559481770258	1.8257987726703324
I am easily distracted	-0.7000046391695042	-0.1217609099734408	1.2581258749766455		-0.19497898219764132	-0.37493212580360763	-0.2518158237792624	0.09177461968002898	-0.528317495466294	-0.2116769442152137	0.244589936563831	0.6594198585698438	-0.28551982908966156	0.17255058041325266	-0.27792227067023595	0.3362038979318981	0.16472458631390074	-0.6275317036880429	-0.7350902708140514	-0.04478366692461633	-0.174020510196074	-0.14207736837847817	0.18520651439904146	0.7643401326203209	0.26631360265582593	0.21280979240154185	-0.10049074854661022	0.45521166914034883	-0.6695253402574779		-0.817293983311512	-0.8908184688509391
I am open to feedback	1.8967543738309032	0.8717642291805682	1.6505372400861251	1.89926390601092	1.17712614012645	0.8103357013039918	1.4662165531701041	1.9225194318996404	1.8169538746683136	1.3541501702029777	1.607415948034904	1.2974236655198554	2.0708957618535613	1.742368966995861	1.6392523104984669	0.7316596791899171	1.3220585764481845	1.768680859833054	1.9207390064237426	1.3679274567543875	1.7539871032952692	0.8827851484354406	1.3244484988494758	0.7904137262164649	1.3212316525182262	1.7662762953709321	1.884833416718601	1.2574737840644907	1.457232871166136		1.721559316849739	1.8630248977443578
I move past small talk	0.6005711347725222	1.048284345659715	0.5404958700731669	1.2539535079981214	1.3461129241480136	1.2627851729876294	1.2836258379952363	1.1822169334877195	1.1783832057460297	1.6664305532649564	0.7904351589567498	1.065068252297792	0.7248335052784498	1.6300678974203608	0.5147187564974679	1.5666806049493969	1.1814624940082343	0.5820081133526404	1.5994643865560199	1.130683828262102	1.2996216463729247	1.0657821099598068	0.5191291808737567	0.6433598737863355	0.9928422038524598	0.5330788984044477	1.04764874818649	0.6074643606567892	0.08804330493262413		1.120621674190876	1.6245023530668488
I build rapport with anyone	1.6961267038487648	1.084316893433495	0.17244585847030713	1.1240064392318363	0.6164500026211561	0.28381083904623317	0.6168275157538206	1.23159014706379	1.0245976513155153	1.2241513239158484	1.644909134105171	1.1216015045755956	0.4855996722631687	1.6552041314257628	0.652647144677313	0.7360161290790019	1.056807899617991	0.661254520622305	1.0242737208804549	0.616777044362369		0.1553059494843707	0.6300052939904146	0.5031483695594426	1.0762989629101152	1.239446941102776	1.0606199413749722	1.1441676063049289	0.9990224450697522		1.179778689255674	0.004264655308225007
I maintain relationships	1.674864619649401	1.3442986916829684	0.8126262200555732	1.0221137169599346	1.3108758643319036	0.659394832370359	1.284141478159227	1.123366403722442	1.070369552306208	1.174588967108455	1.7475716644545554	1.106182348479497	1.3512030933301244	1.6952666332324342	0.7657017304153129	1.2692889511530296	1.1653532609469264	1.8845739057672757	1.7589174788549158	1.1214346305345415	1.7267471620394557	1.7218761090035313	0.11692193290477998	1.305626855431228	1.154006302885302	1.1790167555510715	1.1979258603540153	1.2331249728710234	1.2760065503291467		1.1776706222768156	1.1886601341095373
Relationships are transactional	-0.4120269715431129	0.7848950242040099	0.044389483797277696	0.6966062253174855	-0.42960430665403715	0.5856763737850129	1.0955197676810422	-0.11483171496967814	0.9398893370094213	0.04762613712463171	1.6697936652992067	1.3064594133960052	0.9285904279812741	1.6862905805797248	0.8548773468156808	1.4545120686381177	-0.37762345182022616	1.5891082247996593	0.6066428774069409	0.9858286894782203	-0.052710915256438284	1.2030761748454601	0.15369405928093471	0.054139651503294806	1.0006289162096094	-0.09451829831914749	0.5915950645111522	0.33452839088118447	0.9927364632945718		0.5172673664837398	0.9462289607587983
I make decisions with missing information	0.8924127307834318	0.8647860942902386	-0.6843602828797237	0.17587068657818572	-0.6740536663302726	0.8086983370647565	-0.03929465611249627	0.9234193205295316	0.45089827023352	0.49999486211594935	-0.6178917290364712	0.3506785388468683	0.3903806730634153	1.2968029363725755	0.45778444424027187	1.5045782954140525	0.49044351554446797	0.33278821827038496	-0.7328776050129973	0.3238460504900539	-0.2939883087370977	0.48800205844549427	0.3897828166075368	0.5002102164301945		0.3663626199122314	-0.04232450111084307	-0.20693417058269326	-0.5516426530514882		-0.45751377042913166	-0.5899829414741784
I make choices intentionally	1.7944743686614046	1.0780799874425804	0.23699684631211204	1.1211765054910523	1.1473429561628579	1.5787711423127573	0.31359251376540587	1.8243802909293159	0.781086343795859	1.5313747414228867	1.7472622800013644	0.2614904041653928	1.010727822489986	1.624667281699557	1.0818313253467964	1.7574465292559225	1.2005945975111816	1.1813085772629184	0.0039799489829644985	1.0961456505886615	1.2283072240980095	0.8067796300931004	1.1615534057297854	0.7729864457559134	1.0256308743657043	0.18813404939020473	1.5234962615193068	1.1787388329905135	0.5305021845108899		1.6440402726020396	1.065179073795254
My decisions are objective	1.2043872632052288	1.2664391654818092	1.0254636524019576	1.5830974385601164	0.6857292031863991	0.5712751673361542	0.6944331344773469	0.6800627592322299	1.0149359562698548	0.7664756954880521	1.5686250015371674	0.20337683426710096	1.2387371797802629	1.5502665539635554	0.694360019044429	1.658727675597	1.279621809335389	1.1890491618111092	1.6346155601687324	0.5881845135790124	1.338944964070471	0.681027191430023	0.7058130817603092	0.6940182815635567	1.1710354681857493	0.7156285571986656	0.126724077089597	1.1672627068186499	1.5128708727957356		1.2387211146413695	1.789441292290534
I consider my biases	1.1567730927826703	0.9461514955200019	1.3065108516534474	1.0791575856792242	1.352368733071627	0.5507651921426572	0.8066028552619142	1.7598240575274864	1.0541424965374824	1.1710674188240076	1.5746542602491045	1.3131988105097734	1.3320108878404948	0.29759168116445445	1.2432578466748276	1.5023642491424867	1.6421118006870559	1.1452717206476208	1.846684873561296	0.8303125362371231	1.3147448547672376	1.1242397009178084	0.793546538936315	0.6252726764122651	1.249104907899357	0.7697300412258896	1.2998172161744819	1.0944072866536125	0.7336023070259974		1.1419348416278923	1.4052445148026704
I am quick to act, appreciating on-the-spot problem-solving	0.5385004256607898	1.0036337660169394	1.44376451768299	1.484174402561898	0.9704875217306838	1.0126084469245829	0.47690828530794127	0.37253974222099207	1.1071807610291327	0.07906353605595884	0.5745449672844453	0.4815712466530806	0.46771234436803943	0.5694473124858485	1.0464885483538366	1.419277979814233	1.1731925475244163	1.5275571855056755	0.06191130144623369	0.500696963758074	0.5837986742551505	0.09294950537485458	0.1765461332320204	0.7373103888575953	1.0744142623612407	0.9618852397330669	1.053959875738311	0.5673305948543506	-0.4450033820177053		0.3692624673830681	1.0642197473564008
I am resourceful	1.760318455903357	1.3805100863468445	1.8503899703528115	1.7474765528381162	1.0807328253761388	1.3161606438917972	0.8017492582780026	1.2533282653536901	1.5812030503893884	1.7452563154253262	0.9107550152146375	1.0929365616188986	1.2002712325610607	1.876229347101124	1.0962562260878455	0.7518083053892515	1.1643604197731945	1.6697818492576817	1.2115743180187448	1.3103116208930676	1.3266884411532638	1.880845939076196	1.286387364188879	1.7146976639613452	1.3025140729566878	1.3857899842510428	1.457455579779321	1.1050285974828102	1.2857124764998635		1.3026252283401507	1.8072768476652599
I consider the consequences of my actions	1.8593501614227557	1.2324585033580808	1.7031789613759116	1.7273097417225256	1.2151778151766308	0.5589898582569804	1.237744033716643	1.7334493374324929	1.2438441807576637	1.3768607681958067	1.7695688567743928	1.4206114762709832	1.8714663061797454	1.7492810063597228	0.7996647799154736	0.6596634256315728	1.7640637311579925	0.7815266510615589	1.3507473096160285	1.2986973849344885	1.2425136926057543	0.756662642280729	1.2161281418530319	1.1940382369157074	1.2650560668735666	1.4133267976357766	1.664685737181261	1.644104972505688	1.4109533744937086		1.589465892329276	1.769283730936409
I have an existing framework for making decisions	1.6666669728320769	1.1777179886637126	1.0254017013119197	1.5815335063046778	1.014611420995193	-0.3629733386183952	0.4690606287043996	1.657970733526051	1.2181570150205125	1.184586890501004	1.6975216691133468	0.7951407521834994	-0.27535839329732437	1.7701815199437003	0.6004292155446878	0.6801957096470111	1.7553316775727705	0.8399200017603481	1.3772877495072913	1.0535055037816923	0.6889547863691989	1.721413842513501	0.20722441519083923	0.6129827380648926	1.0820257914184221	0.5445352457816204	1.7873535247004944	1.6710293742082885	1.0893816738474758		1.5889951185674853	1.701088514801871
I am focused when working independently, using deep analysis to guide my decisions	0.16676329762661574	1.1201178734567179	1.6431146050536527	1.8206582389138937	1.2871753630148037	1.555678607716809	1.0464482774875463	1.8323283911950916	1.361203684499634	1.700343511309548	0.58646247738353	1.2832919518703427	0.31535541462357464	1.6341925476486836	0.2512170146181374	0.7745711745450368	1.1731195486962076	0.12809168345908273	1.1876214260199305	1.1739376743552363	1.8767515446695386		0.1787707135137705	1.7329846383715128	1.3545348458074384	1.078192886114312	1.7754043366094094	0.60957731576356	0.49279737268924495		1.2577210243053165	1.196575999025229
I am comfortable sharing ideas in smaller, more personal settings	1.80655316441749	0.24511471535733265	1.2301747769810185	1.2066599030081075	1.348209363939564	1.647953455359854	1.057261144950549	1.8110863527225947	1.2836678987955104	1.6679734604862841	1.6993501686767396	0.1890009572379207	0.5087427604054242	1.7598050751708079	1.0272086535965843	0.16397910853586306	1.1456936970942762	1.167309585334523	1.1848041082537621	1.2160666313671697	1.6700346696640027	0.6566017310428215	0.7978153064844168	0.6726735437805506	1.121867067512908	1.1855513157640867	1.2227027047895382	0.5414616917177809	1.1983345265738174		0.7133220997594804	1.7597746918634045
I am observant	1.7011707610337008	0.8958862843080263	1.9484745302214845	1.8661079854435716	0.7508023018641109	1.8049924472385532	1.3271483485987634	1.6749536708771866	1.8892209909609372	1.850267850968435	1.7974793062413719	0.9583894736350108	1.7994963177918146	1.7733321382056215	1.7287333954417479	0.40781266070848854	1.948533324547281	1.4700683660882055	1.3189118726954794	1.8191615027904948	1.2451045387703115	1.8710460492873455	1.8513759747169964	1.3234013345074094	1.3178080066659148	1.729498146760935	1.8365311030579519	1.892267700257762	1.289210628707691		1.0775289080839663	1.85675568085024
I am an active listener	1.916601474522981	1.426653113089785	1.7708538410163341	1.7148042661602618	1.7116525033052992	1.9187499029526296	1.5011595094305483	1.7629999002916414	1.402624475333571	1.7631492822876433	1.7709561954230968	0.7290250569114566	2.096334830203716	1.7680919832932562		1.0929587540239685	1.3733536944601994	1.9853555316008822	1.2252548000855263	1.6781560440968266	1.777216838350875	1.7535064901102362	1.6116564388694257	0.7933197531746962	1.3825029098101167	1.836956126991248	1.942918882286452	1.7322466418172247	1.2448206750948154		1.4270806468252801	1.8477358879833243
I reflect 	1.9411490750763312	1.2659638267915434	1.7347769330404637	1.895409157682923	1.3252010349056822	1.1429631343163136	1.2077088584976305	1.0417510246085753	1.3817181568003525	1.7077846634339982	1.922881001211394	0.6725631774091742	0.709971390015407	1.8076322811568826	1.994818458860125	0.6986075384257077	1.864142141118755	1.7707343620020342	1.2131421783464313	1.3356024949617487	1.8341915910167454	1.12433795502064	1.275202789931131	1.4215499598929773	1.3061627435672296	1.8629815102464855	1.8070866161561625	1.2813168088505917	1.2771821708305735		1.7989891260467634	1.7728676803165886
Social situations drain my energy	0.10690614717527491	1.1507275722103891	1.6430262220998477	0.03270520593179149	0.5022086253962489	0.010383711838854892	0.38176779687872253	-0.022607612779795838	0.9709214346111196	1.0380236852361886	0.29116281355953844	0.9109296047823784	0.0922685495578569	-0.3944580113272984	1.5551130168101044	1.03997944785876	0.009554958007057857	0.5833234868813014	1.1117229549182195	0.47315923313186303	0.0006887781963792472		0.9747520105399837	0.9139812050813355	0.9794445920477383	0.5378483766953729	0.8125866572191099	0.5402288453436989	-0.06328683175861433		-0.004984390829075425	1.117061004388694
I am energized by meeting new people	1.5280965902262083	0.9755149796110107	1.1546494328250028	1.1726516691870792	0.37461008142846874	0.07755221048744215	0.5442750574432839	0.7643666695533189	1.1864609512455242	0.6734151489655482	1.68755456421394	0.12487875227650647	1.143772180433072	1.2273747823260668	1.0516203681731076	1.2011612317092721	0.40619468733697217	1.5014257092177512	1.4890809905432365	1.0807155103233341	1.5430365853583257	1.8665539231341035	0.14232773211425587	0.048535061843076543	1.2005861295453395	0.5950551017626148	0.5286856452821744	1.2912841685913654	0.6854036646485993		1.1144697594379558	0.1090990439599645
I am inclined to speak up and pitch ideas in group settings or large events	0.48526535267929394	0.5789044497092816	0.5039624836740927	1.551001709408472	1.3794993560959485	1.7034741291334927	1.2765056198105007	0.6080989312752692	0.5576553289182389	0.597981608622001	0.5801227698979033	0.6631722845711154	1.630421163110786	0.9553124647773237	0.53862237982207	0.7509514048147607	1.0505830943765324	1.6183867802095988	0.9570553897057112	1.125695418451129	1.4970293752912829	1.1073208850861722	-0.41514835019039215	0.05053618562897366	1.0891518622076901	0.7343584546318691	1.1460258919443098	1.0760964486319626	1.075309728651043		1.2309841223857725	0.49023144156973686
I am driven by social engagement	1.0216648411037998	0.7045040258047938	1.6229697158864025	1.2765910017131428	1.2618152058697714	0.009634491628785935	0.6837001292667687	-0.03176297728694383	0.6752104362774923	0.035837159486001136	1.690777959867261	1.017006746814804	1.1092921584235031	0.6501401898064404	1.0545938523385732	1.1875875573852777	0.6509560427349274	1.1426817145266912	1.1967644638368848	0.7306095669422675	0.6645065219888239	1.0401445324332919	0.2166966309170617	0.130898911504161	1.122548955939842	1.091009539559285	1.0095873217963196	0.8235561741962217	0.7877585922870506		1.043205265720061	1.1066184077203371
I jump into conversations	-0.6948803389157354	0.19500024317093279	-0.21212449944085499	-0.7185724855736599	-0.40868370987016556	0.16831027980841784	-0.12065218136264733	-0.14451279284899643	0.2312256102635124	-0.24182352049905154	-0.6758180349096485	0.3139330017027424	0.2600265626514989	-0.325529008888197	-0.26878691306663327	0.8329724568607961	0.06683693033322657	-0.6836993467743994	-0.6544050865197011	-0.30363525937419944	-0.27290964935423345	-0.02705219651687929	-0.2659622833796805	0.3576058913452209	0.8512868806978231	-0.08864925890396225	-0.22304240882936743	-0.23936879135553968	-0.8462499466997203		1.055951073875018	-0.16711052297556184
I actively participate	1.223968193101413	1.2402937901631486	1.3256540072112257	1.661782669149657	0.5935655604273312	1.2363084966719988	1.4251984593406932		0.6422927266341931	1.4076001656471786	1.6675789103201528	1.3719389590377518	1.2710507301208873	1.5672412870851022	1.631847568142304	1.2265675373199934	1.2880355341439045	1.7506589996514659	1.2757580843573932	1.6844709639725395	1.3708498765703434	1.3455573470962914	0.8532064423270678	0.3223110987779829	1.2343159821637926	1.3106616823525277	1.5117050187793084	1.1540937524322483	1.3602982994903583		1.2773090086057433	1.7410494372428469
